  75.5    9.5  -0.59   1.82   1.29
  75.5   10.0  -0.61   1.67   1.47
  75.5   10.5  -0.63   1.53   1.63
  75.5   11.0  -0.65   1.37   1.82
  75.5   11.5  -0.67   1.21   2.00
  75.5   12.0  -0.68   1.05   2.18
  75.5   12.5  -0.70   0.89   2.37
  75.5   13.0  -0.72   0.72   2.57
  75.5   13.5  -0.74   0.56   2.75
  75.5   14.0  -0.75   0.39   2.95
  75.5   14.5  -0.77   0.22   3.14
  75.5   15.0  -0.78   0.05   3.33
  75.5   15.5  -0.79  -0.12   3.53
  75.5   16.0  -0.80  -0.28   3.71
  75.5   16.5  -0.80  -0.45   3.90
  75.5   17.0  -0.80  -0.61   4.07
  75.5   17.5  -0.80  -0.78   4.26
  75.5   18.0  -0.80  -0.93   4.42
  75.5   18.5  -0.79  -1.09   4.59
  75.5   19.0  -0.79  -1.24   4.76
  75.5   19.5  -0.78  -1.39   4.92
  75.5   20.0  -0.77  -1.53   5.07
  75.5   20.5  -0.76  -1.67   5.22
  75.5   21.0  -0.74  -1.81   5.36
  75.5   21.5  -0.73  -1.94   5.50
  75.5   22.0  -0.72  -2.06   5.63
  75.5   22.5  -0.70  -2.18   5.75
  75.5   23.0  -0.69  -2.29   5.86
  75.5   23.5  -0.67  -2.40   5.97
  75.5   24.0  -0.66  -2.50   6.08
  75.5   24.5  -0.64  -2.60   6.18
  75.5   25.0  -0.62  -2.68   6.26
  75.5   25.5  -0.61  -2.77   6.35
  75.5   26.0  -0.59  -2.85   6.43
  75.5   26.5  -0.58  -2.92   6.50
  75.5   27.0  -0.56  -2.99   6.57
  75.5   27.5  -0.55  -3.05   6.63
  75.5   28.0  -0.53  -3.11   6.69
  75.6    9.5  -0.62   1.71   1.43
  75.6   10.0  -0.64   1.56   1.60
  75.6   10.5  -0.66   1.41   1.78
  75.6   11.0  -0.68   1.25   1.97
  75.6   11.5  -0.70   1.09   2.15
  75.6   12.0  -0.72   0.92   2.35
  75.6   12.5  -0.74   0.75   2.54
  75.6   13.0  -0.76   0.58   2.74
  75.6   13.5  -0.78   0.41   2.94
  75.6   14.0  -0.80   0.24   3.14
  75.6   14.5  -0.81   0.07   3.33
  75.6   15.0  -0.83  -0.10   3.52
  75.6   15.5  -0.84  -0.27   3.72
  75.6   16.0  -0.85  -0.44   3.91
  75.6   16.5  -0.85  -0.60   4.08
  75.6   17.0  -0.85  -0.77   4.27
  75.6   17.5  -0.85  -0.93   4.45
  75.6   18.0  -0.85  -1.09   4.62
  75.6   18.5  -0.84  -1.24   4.78
  75.6   19.0  -0.84  -1.39   4.95
  75.6   19.5  -0.82  -1.54   5.10
  75.6   20.0  -0.81  -1.68   5.25
  75.6   20.5  -0.80  -1.82   5.40
  75.6   21.0  -0.79  -1.95   5.54
  75.6   21.5  -0.77  -2.08   5.67
  75.6   22.0  -0.75  -2.20   5.79
  75.6   22.5  -0.74  -2.32   5.92
  75.6   23.0  -0.72  -2.42   6.02
  75.6   23.5  -0.70  -2.53   6.13
  75.6   24.0  -0.69  -2.62   6.23
  75.6   24.5  -0.67  -2.72   6.33
  75.6   25.0  -0.65  -2.80   6.41
  75.6   25.5  -0.64  -2.89   6.50
  75.6   26.0  -0.62  -2.96   6.57
  75.6   26.5  -0.60  -3.03   6.63
  75.6   27.0  -0.59  -3.10   6.71
  75.6   27.5  -0.57  -3.16   6.76
  75.6   28.0  -0.55  -3.21   6.81
  75.7    9.5  -0.64   1.60   1.56
  75.7   10.0  -0.67   1.45   1.74
  75.7   10.5  -0.69   1.29   1.93
  75.7   11.0  -0.71   1.12   2.12
  75.7   11.5  -0.74   0.96   2.31
  75.7   12.0  -0.76   0.79   2.51
  75.7   12.5  -0.78   0.62   2.71
  75.7   13.0  -0.80   0.45   2.90
  75.7   13.5  -0.83   0.27   3.12
  75.7   14.0  -0.85   0.10   3.31
  75.7   14.5  -0.87  -0.07   3.51
  75.7   15.0  -0.88  -0.25   3.71
  75.7   15.5  -0.89  -0.42   3.91
  75.7   16.0  -0.90  -0.59   4.10
  75.7   16.5  -0.91  -0.76   4.29
  75.7   17.0  -0.91  -0.92   4.47
  75.7   17.5  -0.91  -1.08   4.64
  75.7   18.0  -0.91  -1.24   4.82
  75.7   18.5  -0.90  -1.40   4.99
  75.7   19.0  -0.89  -1.54   5.14
  75.7   19.5  -0.88  -1.69   5.30
  75.7   20.0  -0.86  -1.83   5.44
  75.7   20.5  -0.85  -1.97   5.59
  75.7   21.0  -0.83  -2.09   5.71
  75.7   21.5  -0.81  -2.22   5.85
  75.7   22.0  -0.80  -2.34   5.97
  75.7   22.5  -0.78  -2.45   6.09
  75.7   23.0  -0.76  -2.56   6.20
  75.7   23.5  -0.74  -2.66   6.30
  75.7   24.0  -0.72  -2.75   6.38
  75.7   24.5  -0.70  -2.84   6.47
  75.7   25.0  -0.68  -2.92   6.55
  75.7   25.5  -0.67  -3.00   6.63
  75.7   26.0  -0.65  -3.07   6.70
  75.7   26.5  -0.63  -3.14   6.77
  75.7   27.0  -0.61  -3.20   6.83
  75.7   27.5  -0.59  -3.26   6.88
  75.7   28.0  -0.58  -3.31   6.93
  75.8    9.5  -0.67   1.49   1.70
  75.8   10.0  -0.70   1.33   1.89
  75.8   10.5  -0.72   1.17   2.07
  75.8   11.0  -0.75   1.00   2.27
  75.8   11.5  -0.77   0.83   2.47
  75.8   12.0  -0.80   0.66   2.67
  75.8   12.5  -0.83   0.48   2.89
  75.8   13.0  -0.85   0.31   3.08
  75.8   13.5  -0.88   0.13   3.30
  75.8   14.0  -0.90  -0.05   3.50
  75.8   14.5  -0.92  -0.22   3.70
  75.8   15.0  -0.94  -0.40   3.91
  75.8   15.5  -0.96  -0.57   4.11
  75.8   16.0  -0.97  -0.74   4.30
  75.8   16.5  -0.97  -0.91   4.49
  75.8   17.0  -0.98  -1.07   4.67
  75.8   17.5  -0.98  -1.24   4.85
  75.8   18.0  -0.97  -1.39   5.01
  75.8   18.5  -0.96  -1.55   5.19
  75.8   19.0  -0.95  -1.70   5.35
  75.8   19.5  -0.93  -1.84   5.49
  75.8   20.0  -0.92  -1.98   5.64
  75.8   20.5  -0.90  -2.11   5.77
  75.8   21.0  -0.88  -2.24   5.90
  75.8   21.5  -0.86  -2.36   6.03
  75.8   22.0  -0.84  -2.48   6.15
  75.8   22.5  -0.82  -2.59   6.26
  75.8   23.0  -0.80  -2.69   6.36
  75.8   23.5  -0.78  -2.79   6.46
  75.8   24.0  -0.76  -2.88   6.55
  75.8   24.5  -0.74  -2.97   6.64
  75.8   25.0  -0.72  -3.04   6.70
  75.8   25.5  -0.70  -3.12   6.78
  75.8   26.0  -0.68  -3.19   6.85
  75.8   26.5  -0.66  -3.25   6.91
  75.8   27.0  -0.64  -3.31   6.96
  75.8   27.5  -0.62  -3.36   7.01
  75.8   28.0  -0.60  -3.41   7.05
  75.9    9.5  -0.70   1.38   1.83
  75.9   10.0  -0.73   1.22   2.02
  75.9   10.5  -0.76   1.05   2.22
  75.9   11.0  -0.79   0.88   2.43
  75.9   11.5  -0.82   0.70   2.64
  75.9   12.0  -0.85   0.52   2.85
  75.9   12.5  -0.88   0.35   3.06
  75.9   13.0  -0.91   0.17   3.27
  75.9   13.5  -0.93  -0.01   3.48
  75.9   14.0  -0.96  -0.19   3.69
  75.9   14.5  -0.99  -0.37   3.90
  75.9   15.0  -1.01  -0.55   4.11
  75.9   15.5  -1.03  -0.72   4.31
  75.9   16.0  -1.04  -0.89   4.50
  75.9   16.5  -1.05  -1.06   4.69
  75.9   17.0  -1.05  -1.23   4.88
  75.9   17.5  -1.05  -1.39   5.05
  75.9   18.0  -1.04  -1.55   5.23
  75.9   18.5  -1.03  -1.70   5.38
  75.9   19.0  -1.01  -1.85   5.54
  75.9   19.5  -0.99  -1.99   5.68
  75.9   20.0  -0.97  -2.13   5.83
  75.9   20.5  -0.95  -2.26   5.96
  75.9   21.0  -0.93  -2.38   6.08
  75.9   21.5  -0.91  -2.50   6.21
  75.9   22.0  -0.89  -2.61   6.32
  75.9   22.5  -0.87  -2.72   6.43
  75.9   23.0  -0.84  -2.82   6.52
  75.9   23.5  -0.82  -2.92   6.62
  75.9   24.0  -0.80  -3.00   6.70
  75.9   24.5  -0.78  -3.09   6.79
  75.9   25.0  -0.75  -3.16   6.85
  75.9   25.5  -0.73  -3.24   6.93
  75.9   26.0  -0.71  -3.30   6.98
  75.9   26.5  -0.69  -3.36   7.04
  75.9   27.0  -0.67  -3.41   7.09
  75.9   27.5  -0.64  -3.46   7.13
  75.9   28.0  -0.62  -3.51   7.17
  76.0    9.5  -0.74   1.27   1.97
  76.0   10.0  -0.77   1.10   2.17
  76.0   10.5  -0.80   0.93   2.38
  76.0   11.0  -0.83   0.75   2.59
  76.0   11.5  -0.86   0.57   2.80
  76.0   12.0  -0.89   0.39   3.02
  76.0   12.5  -0.93   0.21   3.23
  76.0   13.0  -0.96   0.03   3.45
  76.0   13.5  -1.00  -0.15   3.67
  76.0   14.0  -1.03  -0.34   3.89
  76.0   14.5  -1.06  -0.52   4.10
  76.0   15.0  -1.08  -0.70   4.31
  76.0   15.5  -1.11  -0.87   4.51
  76.0   16.0  -1.12  -1.05   4.71
  76.0   16.5  -1.13  -1.22   4.91
  76.0   17.0  -1.13  -1.38   5.08
  76.0   17.5  -1.13  -1.55   5.27
  76.0   18.0  -1.12  -1.70   5.43
  76.0   18.5  -1.10  -1.86   5.60
  76.0   19.0  -1.08  -2.00   5.74
  76.0   19.5  -1.06  -2.14   5.88
  76.0   20.0  -1.04  -2.28   6.03
  76.0   20.5  -1.01  -2.41   6.16
  76.0   21.0  -0.99  -2.53   6.28
  76.0   21.5  -0.96  -2.65   6.39
  76.0   22.0  -0.94  -2.75   6.50
  76.0   22.5  -0.91  -2.86   6.60
  76.0   23.0  -0.89  -2.95   6.69
  76.0   23.5  -0.86  -3.05   6.79
  76.0   24.0  -0.84  -3.13   6.86
  76.0   24.5  -0.82  -3.21   6.94
  76.0   25.0  -0.79  -3.28   7.00
  76.0   25.5  -0.77  -3.35   7.07
  76.0   26.0  -0.74  -3.41   7.12
  76.0   26.5  -0.72  -3.47   7.18
  76.0   27.0  -0.70  -3.52   7.22
  76.0   27.5  -0.67  -3.57   7.26
  76.0   28.0  -0.65  -3.61   7.30
  76.1    9.5  -0.77   1.16   2.11
  76.1   10.0  -0.80   0.99   2.31
  76.1   10.5  -0.84   0.81   2.53
  76.1   11.0  -0.87   0.63   2.74
  76.1   11.5  -0.91   0.45   2.96
  76.1   12.0  -0.95   0.26   3.19
  76.1   12.5  -0.99   0.08   3.41
  76.1   13.0  -1.02  -0.11   3.63
  76.1   13.5  -1.06  -0.30   3.86
  76.1   14.0  -1.10  -0.48   4.08
  76.1   14.5  -1.14  -0.66   4.30
  76.1   15.0  -1.17  -0.84   4.51
  76.1   15.5  -1.20  -1.02   4.72
  76.1   16.0  -1.22  -1.20   4.93
  76.1   16.5  -1.23  -1.37   5.12
  76.1   17.0  -1.23  -1.54   5.31
  76.1   17.5  -1.22  -1.70   5.48
  76.1   18.0  -1.21  -1.85   5.64
  76.1   18.5  -1.19  -2.01   5.81
  76.1   19.0  -1.16  -2.15   5.95
  76.1   19.5  -1.14  -2.29   6.09
  76.1   20.0  -1.11  -2.42   6.22
  76.1   20.5  -1.08  -2.55   6.35
  76.1   21.0  -1.05  -2.67   6.46
  76.1   21.5  -1.02  -2.79   6.58
  76.1   22.0  -1.00  -2.89   6.68
  76.1   22.5  -0.97  -3.00   6.79
  76.1   23.0  -0.94  -3.09   6.87
  76.1   23.5  -0.91  -3.18   6.95
  76.1   24.0  -0.89  -3.26   7.03
  76.1   24.5  -0.86  -3.34   7.10
  76.1   25.0  -0.83  -3.40   7.16
  76.1   25.5  -0.80  -3.47   7.22
  76.1   26.0  -0.78  -3.52   7.26
  76.1   26.5  -0.75  -3.58   7.31
  76.1   27.0  -0.73  -3.62   7.35
  76.1   27.5  -0.70  -3.67   7.39
  76.1   28.0  -0.68  -3.71   7.42
  76.2    9.5  -0.81   1.05   2.25
  76.2   10.0  -0.84   0.87   2.46
  76.2   10.5  -0.88   0.69   2.68
  76.2   11.0  -0.92   0.51   2.90
  76.2   11.5  -0.96   0.32   3.13
  76.2   12.0  -1.00   0.13   3.36
  76.2   12.5  -1.05  -0.06   3.59
  76.2   13.0  -1.09  -0.25   3.82
  76.2   13.5  -1.14  -0.44   4.05
  76.2   14.0  -1.18  -0.62   4.27
  76.2   14.5  -1.23  -0.81   4.51
  76.2   15.0  -1.27  -0.99   4.72
  76.2   15.5  -1.30  -1.18   4.95
  76.2   16.0  -1.33  -1.35   5.15
  76.2   16.5  -1.34  -1.52   5.34
  76.2   17.0  -1.34  -1.69   5.53
  76.2   17.5  -1.33  -1.85   5.70
  76.2   18.0  -1.31  -2.01   5.87
  76.2   18.5  -1.28  -2.16   6.02
  76.2   19.0  -1.25  -2.30   6.15
  76.2   19.5  -1.22  -2.44   6.29
  76.2   20.0  -1.18  -2.57   6.42
  76.2   20.5  -1.15  -2.70   6.55
  76.2   21.0  -1.12  -2.82   6.66
  76.2   21.5  -1.09  -2.93   6.77
  76.2   22.0  -1.06  -3.03   6.86
  76.2   22.5  -1.03  -3.13   6.96
  76.2   23.0  -0.99  -3.22   7.04
  76.2   23.5  -0.96  -3.31   7.12
  76.2   24.0  -0.93  -3.38   7.18
  76.2   24.5  -0.90  -3.46   7.26
  76.2   25.0  -0.87  -3.52   7.31
  76.2   25.5  -0.85  -3.58   7.36
  76.2   26.0  -0.82  -3.64   7.41
  76.2   26.5  -0.79  -3.69   7.45
  76.2   27.0  -0.76  -3.73   7.48
  76.2   27.5  -0.73  -3.77   7.51
  76.2   28.0  -0.71  -3.81   7.55
  76.3    9.5  -0.85   0.94   2.39
  76.3   10.0  -0.88   0.76   2.60
  76.3   10.5  -0.93   0.57   2.84
  76.3   11.0  -0.97   0.38   3.07
  76.3   11.5  -1.02   0.19   3.30
  76.3   12.0  -1.06  -0.00   3.53
  76.3   12.5  -1.11  -0.19   3.76
  76.3   13.0  -1.17  -0.39   4.01
  76.3   13.5  -1.22  -0.58   4.25
  76.3   14.0  -1.27  -0.77   4.48
  76.3   14.5  -1.33  -0.96   4.72
  76.3   15.0  -1.38  -1.14   4.94
  76.3   15.5  -1.43  -1.33   5.18
  76.3   16.0  -1.47  -1.50   5.38
  76.3   16.5  -1.49  -1.68   5.59
  76.3   17.0  -1.48  -1.84   5.76
  76.3   17.5  -1.46  -2.01   5.94
  76.3   18.0  -1.43  -2.16   6.09
  76.3   18.5  -1.39  -2.31   6.24
  76.3   19.0  -1.35  -2.45   6.37
  76.3   19.5  -1.31  -2.60   6.52
  76.3   20.0  -1.27  -2.72   6.63
  76.3   20.5  -1.23  -2.85   6.75
  76.3   21.0  -1.19  -2.96   6.85
  76.3   21.5  -1.16  -3.07   6.96
  76.3   22.0  -1.12  -3.17   7.05
  76.3   22.5  -1.09  -3.27   7.14
  76.3   23.0  -1.05  -3.35   7.21
  76.3   23.5  -1.02  -3.44   7.29
  76.3   24.0  -0.99  -3.51   7.36
  76.3   24.5  -0.95  -3.58   7.41
  76.3   25.0  -0.92  -3.64   7.46
  76.3   25.5  -0.89  -3.70   7.52
  76.3   26.0  -0.86  -3.75   7.55
  76.3   26.5  -0.83  -3.80   7.59
  76.3   27.0  -0.80  -3.84   7.62
  76.3   27.5  -0.77  -3.87   7.64
  76.3   28.0  -0.74  -3.90   7.66
  76.4    9.5  -0.89   0.83   2.53
  76.4   10.0  -0.93   0.64   2.76
  76.4   10.5  -0.97   0.45   2.99
  76.4   11.0  -1.02   0.26   3.22
  76.4   11.5  -1.07   0.06   3.47
  76.4   12.0  -1.13  -0.13   3.71
  76.4   12.5  -1.19  -0.33   3.96
  76.4   13.0  -1.25  -0.53   4.21
  76.4   13.5  -1.31  -0.72   4.45
  76.4   14.0  -1.38  -0.91   4.69
  76.4   14.5  -1.44  -1.11   4.94
  76.4   15.0  -1.51  -1.29   5.17
  76.4   15.5  -1.58  -1.48   5.42
  76.4   16.0  -1.64  -1.65   5.63
  76.4   16.5  -1.68  -1.83   5.85
  76.4   17.0  -1.67  -2.00   6.04
  76.4   17.5  -1.62  -2.16   6.19
  76.4   18.0  -1.57  -2.31   6.33
  76.4   18.5  -1.51  -2.47   6.47
  76.4   19.0  -1.45  -2.61   6.60
  76.4   19.5  -1.40  -2.75   6.73
  76.4   20.0  -1.36  -2.87   6.84
  76.4   20.5  -1.31  -2.99   6.94
  76.4   21.0  -1.27  -3.10   7.05
  76.4   21.5  -1.23  -3.21   7.15
  76.4   22.0  -1.19  -3.31   7.24
  76.4   22.5  -1.15  -3.40   7.32
  76.4   23.0  -1.12  -3.49   7.40
  76.4   23.5  -1.08  -3.57   7.47
  76.4   24.0  -1.04  -3.64   7.52
  76.4   24.5  -1.01  -3.70   7.58
  76.4   25.0  -0.97  -3.76   7.62
  76.4   25.5  -0.94  -3.82   7.67
  76.4   26.0  -0.90  -3.86   7.70
  76.4   26.5  -0.87  -3.91   7.74
  76.4   27.0  -0.83  -3.94   7.75
  76.4   27.5  -0.80  -3.98   7.78
  76.4   28.0  -0.77  -4.00   7.79
  76.5    9.5  -0.93   0.72   2.67
  76.5   10.0  -0.97   0.53   2.90
  76.5   10.5  -1.02   0.33   3.15
  76.5   11.0  -1.08   0.13   3.40
  76.5   11.5  -1.14  -0.06   3.64
  76.5   12.0  -1.20  -0.27   3.90
  76.5   12.5  -1.26  -0.47   4.15
  76.5   13.0  -1.33  -0.67   4.40
  76.5   13.5  -1.41  -0.86   4.65
  76.5   14.0  -1.49  -1.06   4.91
  76.5   14.5  -1.57  -1.25   5.16
  76.5   15.0  -1.67  -1.44   5.42
  76.5   15.5  -1.77  -1.63   5.68
  76.5   16.0  -1.88  -1.81   5.93
  76.5   16.5  -1.97  -1.98   6.16
  76.5   17.0  -1.95  -2.15   6.34
  76.5   17.5  -1.83  -2.32   6.47
  76.5   18.0  -1.73  -2.47   6.58
  76.5   18.5  -1.64  -2.62   6.70
  76.5   19.0  -1.57  -2.76   6.82
  76.5   19.5  -1.51  -2.90   6.95
  76.5   20.0  -1.46  -3.02   7.05
  76.5   20.5  -1.41  -3.14   7.16
  76.5   21.0  -1.36  -3.25   7.25
  76.5   21.5  -1.31  -3.36   7.35
  76.5   22.0  -1.27  -3.45   7.43
  76.5   22.5  -1.23  -3.54   7.51
  76.5   23.0  -1.19  -3.62   7.58
  76.5   23.5  -1.15  -3.70   7.65
  76.5   24.0  -1.11  -3.76   7.69
  76.5   24.5  -1.06  -3.83   7.74
  76.5   25.0  -1.03  -3.88   7.78
  76.5   25.5  -0.99  -3.93   7.82
  76.5   26.0  -0.95  -3.97   7.84
  76.5   26.5  -0.91  -4.02   7.88
  76.5   27.0  -0.87  -4.05   7.89
  76.5   27.5  -0.84  -4.08   7.91
  76.5   28.0  -0.81  -4.10   7.92
  76.6    9.5  -0.97   0.62   2.80
  76.6   10.0  -1.02   0.43   3.04
  76.6   10.5  -1.08   0.23   3.29
  76.6   11.0  -1.14   0.03   3.54
  76.6   11.5  -1.20  -0.17   3.79
  76.6   12.0  -1.27  -0.37   4.04
  76.6   12.5  -1.35  -0.58   4.31
  76.6   13.0  -1.43  -0.78   4.57
  76.6   13.5  -1.52  -0.98   4.84
  76.6   14.0  -1.62  -1.17   5.10
  76.6   14.5  -1.72  -1.37   5.37
  76.6   15.0  -1.85  -1.55   5.63
  76.6   15.5  -2.00  -1.74   5.91
  76.6   16.0  -2.23  -1.92   6.23
  76.6   16.5  -2.57  -2.10   6.60
  76.6   17.0  -2.52  -2.26   6.75
  76.6   17.5  -2.11  -2.43   6.73
  76.6   18.0  -1.92  -2.58   6.80
  76.6   18.5  -1.79  -2.73   6.90
  76.6   19.0  -1.70  -2.86   7.00
  76.6   19.5  -1.63  -3.00   7.12
  76.6   20.0  -1.56  -3.12   7.21
  76.6   20.5  -1.50  -3.24   7.31
  76.6   21.0  -1.45  -3.35   7.41
  76.6   21.5  -1.40  -3.45   7.50
  76.6   22.0  -1.35  -3.54   7.57
  76.6   22.5  -1.31  -3.63   7.65
  76.6   23.0  -1.26  -3.70   7.70
  76.6   23.5  -1.22  -3.78   7.77
  76.6   24.0  -1.17  -3.84   7.81
  76.6   24.5  -1.13  -3.90   7.86
  76.6   25.0  -1.08  -3.95   7.89
  76.6   25.5  -1.04  -4.00   7.92
  76.6   26.0  -1.00  -4.04   7.94
  76.6   26.5  -0.96  -4.08   7.97
  76.6   27.0  -0.92  -4.11   7.98
  76.6   27.5  -0.88  -4.14   7.99
  76.6   28.0  -0.84  -4.16   8.00
  76.7    9.5  -1.01   0.53   2.92
  76.7   10.0  -1.07   0.33   3.17
  76.7   10.5  -1.13   0.13   3.42
  76.7   11.0  -1.20  -0.07   3.68
  76.7   11.5  -1.27  -0.28   3.94
  76.7   12.0  -1.35  -0.48   4.20
  76.7   12.5  -1.43  -0.68   4.46
  76.7   13.0  -1.53  -0.89   4.74
  76.7   13.5  -1.64  -1.09   5.02
  76.7   14.0  -1.76  -1.28   5.29
  76.7   14.5  -1.89  -1.48   5.57
  76.7   15.0  -2.06  -1.67   5.87
  76.7   15.5  -2.30  -1.86   6.20
  76.7   16.0  -2.75  -2.03   6.61
  76.7   16.5  -3.65  -2.21   7.26
  76.7   17.0  -3.34  -2.37   7.28
  76.7   17.5  -2.44  -2.54   7.01
  76.7   18.0  -2.13  -2.69   7.02
  76.7   18.5  -1.96  -2.84   7.10
  76.7   19.0  -1.84  -2.97   7.19
  76.7   19.5  -1.75  -3.10   7.29
  76.7   20.0  -1.67  -3.22   7.38
  76.7   20.5  -1.61  -3.34   7.48
  76.7   21.0  -1.55  -3.44   7.56
  76.7   21.5  -1.50  -3.54   7.64
  76.7   22.0  -1.44  -3.63   7.71
  76.7   22.5  -1.39  -3.72   7.79
  76.7   23.0  -1.34  -3.79   7.84
  76.7   23.5  -1.30  -3.86   7.90
  76.7   24.0  -1.25  -3.92   7.94
  76.7   24.5  -1.20  -3.98   7.98
  76.7   25.0  -1.15  -4.02   8.00
  76.7   25.5  -1.10  -4.07   8.03
  76.7   26.0  -1.05  -4.11   8.05
  76.7   26.5  -1.01  -4.14   8.06
  76.7   27.0  -0.96  -4.17   8.07
  76.7   27.5  -0.92  -4.19   8.07
  76.7   28.0  -0.88  -4.21   8.07
  76.8    9.5  -1.06   0.43   3.06
  76.8   10.0  -1.12   0.23   3.31
  76.8   10.5  -1.19   0.03   3.56
  76.8   11.0  -1.26  -0.18   3.83
  76.8   11.5  -1.34  -0.38   4.09
  76.8   12.0  -1.43  -0.59   4.36
  76.8   12.5  -1.53  -0.79   4.63
  76.8   13.0  -1.64  -1.00   4.92
  76.8   13.5  -1.76  -1.20   5.20
  76.8   14.0  -1.91  -1.40   5.50
  76.8   14.5  -2.09  -1.59   5.79
  76.8   15.0  -2.31  -1.78   6.11
  76.8   15.5  -2.65  -1.97   6.49
  76.8   16.0  -3.47  -2.14   7.09
  76.8   16.5  -4.32  -2.32   7.71
  76.8   17.0  -3.64  -2.48   7.55
  76.8   17.5  -2.73  -2.65   7.28
  76.8   18.0  -2.34  -2.80   7.25
  76.8   18.5  -2.13  -2.94   7.30
  76.8   19.0  -1.99  -3.08   7.38
  76.8   19.5  -1.88  -3.21   7.47
  76.8   20.0  -1.80  -3.32   7.55
  76.8   20.5  -1.72  -3.44   7.64
  76.8   21.0  -1.66  -3.54   7.72
  76.8   21.5  -1.60  -3.64   7.80
  76.8   22.0  -1.54  -3.72   7.86
  76.8   22.5  -1.49  -3.81   7.94
  76.8   23.0  -1.44  -3.87   7.98
  76.8   23.5  -1.38  -3.94   8.02
  76.8   24.0  -1.33  -4.00   8.07
  76.8   24.5  -1.27  -4.05   8.09
  76.8   25.0  -1.22  -4.10   8.12
  76.8   25.5  -1.16  -4.14   8.13
  76.8   26.0  -1.11  -4.17   8.14
  76.8   26.5  -1.06  -4.20   8.15
  76.8   27.0  -1.01  -4.23   8.16
  76.8   27.5  -0.96  -4.25   8.16
  76.8   28.0  -0.92  -4.26   8.15
  76.9    9.5  -1.11   0.33   3.19
  76.9   10.0  -1.18   0.13   3.45
  76.9   10.5  -1.25  -0.07   3.70
  76.9   11.0  -1.33  -0.28   3.97
  76.9   11.5  -1.41  -0.49   4.24
  76.9   12.0  -1.51  -0.70   4.53
  76.9   12.5  -1.62  -0.90   4.80
  76.9   13.0  -1.75  -1.11   5.10
  76.9   13.5  -1.90  -1.31   5.39
  76.9   14.0  -2.09  -1.51   5.71
  76.9   14.5  -2.32  -1.71   6.04
  76.9   15.0  -2.62  -1.89   6.39
  76.9   15.5  -3.05  -2.08   6.81
  76.9   16.0  -3.96  -2.26   7.47
  76.9   16.5  -4.65  -2.43   8.00
  76.9   17.0  -4.21  -2.60   7.96
  76.9   17.5  -3.06  -2.76   7.57
  76.9   18.0  -2.57  -2.90   7.47
  76.9   18.5  -2.31  -3.05   7.51
  76.9   19.0  -2.14  -3.18   7.57
  76.9   19.5  -2.02  -3.31   7.65
  76.9   20.0  -1.92  -3.43   7.73
  76.9   20.5  -1.84  -3.54   7.81
  76.9   21.0  -1.77  -3.64   7.89
  76.9   21.5  -1.71  -3.73   7.96
  76.9   22.0  -1.65  -3.81   8.02
  76.9   22.5  -1.60  -3.89   8.08
  76.9   23.0  -1.54  -3.96   8.13
  76.9   23.5  -1.48  -4.03   8.17
  76.9   24.0  -1.42  -4.08   8.20
  76.9   24.5  -1.35  -4.13   8.22
  76.9   25.0  -1.29  -4.17   8.23
  76.9   25.5  -1.23  -4.21   8.25
  76.9   26.0  -1.17  -4.24   8.25
  76.9   26.5  -1.11  -4.27   8.25
  76.9   27.0  -1.06  -4.29   8.25
  76.9   27.5  -1.01  -4.31   8.25
  76.9   28.0  -0.96  -4.32   8.23
  77.0    9.5  -1.16   0.24   3.32
  77.0   10.0  -1.23   0.03   3.58
  77.0   10.5  -1.31  -0.18   3.85
  77.0   11.0  -1.39  -0.39   4.12
  77.0   11.5  -1.49  -0.60   4.41
  77.0   12.0  -1.60  -0.80   4.68
  77.0   12.5  -1.72  -1.01   4.97
  77.0   13.0  -1.87  -1.22   5.28
  77.0   13.5  -2.05  -1.42   5.59
  77.0   14.0  -2.29  -1.62   5.93
  77.0   14.5  -2.61  -1.82   6.31
  77.0   15.0  -3.06  -2.01   6.74
  77.0   15.5  -3.74  -2.19   7.28
  77.0   16.0  -4.20  -2.37   7.71
  77.0   16.5  -4.78  -2.55   8.20
  77.0   17.0  -4.67  -2.71   8.32
  77.0   17.5  -3.41  -2.87   7.86
  77.0   18.0  -2.81  -3.01   7.72
  77.0   18.5  -2.50  -3.16   7.73
  77.0   19.0  -2.30  -3.29   7.77
  77.0   19.5  -2.16  -3.42   7.84
  77.0   20.0  -2.06  -3.53   7.91
  77.0   20.5  -1.97  -3.64   7.99
  77.0   21.0  -1.90  -3.73   8.05
  77.0   21.5  -1.84  -3.83   8.13
  77.0   22.0  -1.78  -3.90   8.18
  77.0   22.5  -1.72  -3.98   8.24
  77.0   23.0  -1.66  -4.04   8.27
  77.0   23.5  -1.59  -4.11   8.32
  77.0   24.0  -1.52  -4.16   8.34
  77.0   24.5  -1.45  -4.21   8.36
  77.0   25.0  -1.37  -4.24   8.35
  77.0   25.5  -1.30  -4.28   8.36
  77.0   26.0  -1.24  -4.30   8.35
  77.0   26.5  -1.17  -4.33   8.35
  77.0   27.0  -1.11  -4.35   8.34
  77.0   27.5  -1.06  -4.36   8.33
  77.0   28.0  -1.00  -4.37   8.31
  77.1    9.5  -1.21   0.14   3.45
  77.1   10.0  -1.29  -0.07   3.72
  77.1   10.5  -1.37  -0.28   3.99
  77.1   11.0  -1.46  -0.49   4.27
  77.1   11.5  -1.57  -0.70   4.55
  77.1   12.0  -1.68  -0.91   4.84
  77.1   12.5  -1.82  -1.12   5.14
  77.1   13.0  -1.99  -1.33   5.46
  77.1   13.5  -2.21  -1.53   5.79
  77.1   14.0  -2.52  -1.73   6.16
  77.1   14.5  -3.01  -1.93   6.63
  77.1   15.0  -3.78  -2.12   7.22
  77.1   15.5  -4.87  -2.31   7.98
  77.1   16.0  -5.23  -2.48   8.34
  77.1   16.5  -5.46  -2.66   8.66
  77.1   17.0  -5.13  -2.82   8.67
  77.1   17.5  -3.79  -2.98   8.17
  77.1   18.0  -3.04  -3.12   7.95
  77.1   18.5  -2.69  -3.27   7.94
  77.1   19.0  -2.47  -3.39   7.96
  77.1   19.5  -2.32  -3.52   8.03
  77.1   20.0  -2.20  -3.63   8.09
  77.1   20.5  -2.11  -3.74   8.17
  77.1   21.0  -2.04  -3.83   8.23
  77.1   21.5  -1.98  -3.92   8.30
  77.1   22.0  -1.92  -4.00   8.36
  77.1   22.5  -1.87  -4.07   8.41
  77.1   23.0  -1.80  -4.13   8.44
  77.1   23.5  -1.73  -4.19   8.47
  77.1   24.0  -1.64  -4.24   8.48
  77.1   24.5  -1.55  -4.28   8.48
  77.1   25.0  -1.47  -4.31   8.48
  77.1   25.5  -1.38  -4.35   8.47
  77.1   26.0  -1.31  -4.37   8.46
  77.1   26.5  -1.23  -4.39   8.44
  77.1   27.0  -1.17  -4.41   8.44
  77.1   27.5  -1.11  -4.42   8.42
  77.1   28.0  -1.05  -4.42   8.39
  77.2    9.5  -1.26   0.04   3.59
  77.2   10.0  -1.34  -0.17   3.86
  77.2   10.5  -1.43  -0.38   4.13
  77.2   11.0  -1.53  -0.59   4.41
  77.2   11.5  -1.64  -0.81   4.71
  77.2   12.0  -1.77  -1.02   5.01
  77.2   12.5  -1.92  -1.23   5.31
  77.2   13.0  -2.11  -1.44   5.64
  77.2   13.5  -2.36  -1.65   6.00
  77.2   14.0  -2.77  -1.85   6.42
  77.2   14.5  -3.69  -2.04   7.09
  77.2   15.0  -4.85  -2.23   7.88
  77.2   15.5  -5.60  -2.42   8.46
  77.2   16.0  -5.86  -2.60   8.79
  77.2   16.5  -5.79  -2.77   8.94
  77.2   17.0  -5.47  -2.93   8.96
  77.2   17.5  -4.15  -3.09   8.47
  77.2   18.0  -3.28  -3.23   8.19
  77.2   18.5  -2.88  -3.37   8.15
  77.2   19.0  -2.64  -3.50   8.17
  77.2   19.5  -2.47  -3.62   8.22
  77.2   20.0  -2.35  -3.73   8.28
  77.2   20.5  -2.26  -3.84   8.35
  77.2   21.0  -2.20  -3.93   8.42
  77.2   21.5  -2.14  -4.01   8.48
  77.2   22.0  -2.09  -4.09   8.54
  77.2   22.5  -2.05  -4.16   8.60
  77.2   23.0  -2.00  -4.22   8.64
  77.2   23.5  -1.90  -4.27   8.65
  77.2   24.0  -1.79  -4.31   8.64
  77.2   24.5  -1.68  -4.36   8.64
  77.2   25.0  -1.57  -4.39   8.61
  77.2   25.5  -1.47  -4.42   8.60
  77.2   26.0  -1.38  -4.44   8.57
  77.2   26.5  -1.30  -4.46   8.56
  77.2   27.0  -1.23  -4.47   8.53
  77.2   27.5  -1.16  -4.48   8.51
  77.2   28.0  -1.10  -4.48   8.48
  77.3    9.5  -1.32  -0.06   3.73
  77.3   10.0  -1.40  -0.27   4.00
  77.3   10.5  -1.50  -0.48   4.28
  77.3   11.0  -1.60  -0.70   4.57
  77.3   11.5  -1.72  -0.91   4.86
  77.3   12.0  -1.86  -1.13   5.17
  77.3   12.5  -2.02  -1.34   5.48
  77.3   13.0  -2.22  -1.55   5.82
  77.3   13.5  -2.50  -1.76   6.19
  77.3   14.0  -2.96  -1.96   6.64
  77.3   14.5  -4.03  -2.16   7.39
  77.3   15.0  -5.31  -2.35   8.24
  77.3   15.5  -5.86  -2.53   8.71
  77.3   16.0  -6.03  -2.71   9.00
  77.3   16.5  -6.05  -2.88   9.19
  77.3   17.0  -5.74  -3.04   9.21
  77.3   17.5  -4.48  -3.20   8.76
  77.3   18.0  -3.54  -3.34   8.44
  77.3   18.5  -3.09  -3.48   8.37
  77.3   19.0  -2.82  -3.60   8.37
  77.3   19.5  -2.64  -3.73   8.42
  77.3   20.0  -2.51  -3.83   8.47
  77.3   20.5  -2.43  -3.94   8.55
  77.3   21.0  -2.38  -4.02   8.61
  77.3   21.5  -2.34  -4.11   8.69
  77.3   22.0  -2.31  -4.18   8.75
  77.3   22.5  -2.32  -4.25   8.84
  77.3   23.0  -2.34  -4.30   8.90
  77.3   23.5  -2.16  -4.35   8.87
  77.3   24.0  -1.99  -4.39   8.82
  77.3   24.5  -1.83  -4.43   8.79
  77.3   25.0  -1.69  -4.46   8.75
  77.3   25.5  -1.57  -4.49   8.72
  77.3   26.0  -1.46  -4.50   8.68
  77.3   26.5  -1.37  -4.52   8.66
  77.3   27.0  -1.29  -4.53   8.63
  77.3   27.5  -1.21  -4.53   8.59
  77.3   28.0  -1.14  -4.53   8.55
  77.4    9.5  -1.37  -0.15   3.85
  77.4   10.0  -1.46  -0.37   4.14
  77.4   10.5  -1.56  -0.59   4.43
  77.4   11.0  -1.67  -0.80   4.71
  77.4   11.5  -1.80  -1.02   5.02
  77.4   12.0  -1.94  -1.24   5.33
  77.4   12.5  -2.11  -1.45   5.65
  77.4   13.0  -2.32  -1.66   5.99
  77.4   13.5  -2.61  -1.87   6.36
  77.4   14.0  -3.09  -2.07   6.82
  77.4   14.5  -3.99  -2.27   7.49
  77.4   15.0  -5.20  -2.46   8.31
  77.4   15.5  -5.63  -2.65   8.73
  77.4   16.0  -5.77  -2.82   8.99
  77.4   16.5  -5.98  -3.00   9.29
  77.4   17.0  -5.92  -3.15   9.43
  77.4   17.5  -4.91  -3.31   9.10
  77.4   18.0  -3.84  -3.45   8.71
  77.4   18.5  -3.33  -3.59   8.61
  77.4   19.0  -3.02  -3.71   8.59
  77.4   19.5  -2.81  -3.83   8.62
  77.4   20.0  -2.68  -3.93   8.66
  77.4   20.5  -2.62  -4.04   8.75
  77.4   21.0  -2.62  -4.12   8.84
  77.4   21.5  -2.62  -4.20   8.93
  77.4   22.0  -2.60  -4.27   9.00
  77.4   22.5  -2.67  -4.34   9.11
  77.4   23.0  -2.99  -4.39   9.32
  77.4   23.5  -2.62  -4.44   9.19
  77.4   24.0  -2.27  -4.47   9.05
  77.4   24.5  -2.02  -4.51   8.97
  77.4   25.0  -1.83  -4.53   8.90
  77.4   25.5  -1.67  -4.56   8.85
  77.4   26.0  -1.55  -4.57   8.80
  77.4   26.5  -1.44  -4.58   8.76
  77.4   27.0  -1.35  -4.59   8.72
  77.4   27.5  -1.27  -4.59   8.68
  77.4   28.0  -1.19  -4.58   8.63
  77.5    9.5  -1.43  -0.25   3.99
  77.5   10.0  -1.52  -0.47   4.28
  77.5   10.5  -1.63  -0.69   4.57
  77.5   11.0  -1.75  -0.91   4.88
  77.5   11.5  -1.88  -1.13   5.18
  77.5   12.0  -2.03  -1.34   5.49
  77.5   12.5  -2.20  -1.56   5.82
  77.5   13.0  -2.41  -1.77   6.15
  77.5   13.5  -2.70  -1.98   6.53
  77.5   14.0  -3.23  -2.18   7.01
  77.5   14.5  -3.98  -2.38   7.61
  77.5   15.0  -4.59  -2.57   8.12
  77.5   15.5  -4.96  -2.76   8.52
  77.5   16.0  -5.14  -2.93   8.79
  77.5   16.5  -5.88  -3.11   9.36
  77.5   17.0  -6.09  -3.26   9.63
  77.5   17.5  -5.39  -3.42   9.46
  77.5   18.0  -4.35  -3.56   9.09
  77.5   18.5  -3.64  -3.70   8.89
  77.5   19.0  -3.23  -3.82   8.82
  77.5   19.5  -2.99  -3.94   8.83
  77.5   20.0  -2.85  -4.03   8.86
  77.5   20.5  -2.81  -4.13   8.95
  77.5   21.0  -2.98  -4.22   9.13
  77.5   21.5  -3.21  -4.30   9.34
  77.5   22.0  -3.08  -4.36   9.34
  77.5   22.5  -3.04  -4.42   9.38
  77.5   23.0  -3.51  -4.47   9.67
  77.5   23.5  -3.54  -4.52   9.74
  77.5   24.0  -2.70  -4.55   9.36
  77.5   24.5  -2.25  -4.58   9.16
  77.5   25.0  -1.97  -4.60   9.04
  77.5   25.5  -1.78  -4.62   8.97
  77.5   26.0  -1.63  -4.63   8.91
  77.5   26.5  -1.51  -4.64   8.86
  77.5   27.0  -1.41  -4.64   8.81
  77.5   27.5  -1.32  -4.65   8.78
  77.5   28.0  -1.24  -4.64   8.72
  77.6    9.5  -1.48  -0.30   4.07
  77.6   10.0  -1.59  -0.51   4.36
  77.6   10.5  -1.70  -0.73   4.65
  77.6   11.0  -1.82  -0.95   4.96
  77.6   11.5  -1.96  -1.17   5.27
  77.6   12.0  -2.11  -1.38   5.57
  77.6   12.5  -2.29  -1.60   5.91
  77.6   13.0  -2.50  -1.81   6.24
  77.6   13.5  -2.77  -2.02   6.61
  77.6   14.0  -3.14  -2.22   7.01
  77.6   14.5  -3.58  -2.42   7.45
  77.6   15.0  -4.01  -2.60   7.87
  77.6   15.5  -4.61  -2.79   8.37
  77.6   16.0  -5.27  -2.96   8.89
  77.6   16.5  -5.90  -3.13   9.39
  77.6   17.0  -6.17  -3.29   9.70
  77.6   17.5  -5.87  -3.44   9.72
  77.6   18.0  -5.25  -3.58   9.56
  77.6   18.5  -4.05  -3.71   9.11
  77.6   19.0  -3.45  -3.83   8.94
  77.6   19.5  -3.16  -3.95   8.93
  77.6   20.0  -3.01  -4.05   8.96
  77.6   20.5  -2.98  -4.14   9.04
  77.6   21.0  -3.16  -4.22   9.22
  77.6   21.5  -3.75  -4.30   9.61
  77.6   22.0  -3.96  -4.36   9.78
  77.6   22.5  -3.49  -4.42   9.61
  77.6   23.0  -3.99  -4.47   9.91
  77.6   23.5  -4.38  -4.52  10.16
  77.6   24.0  -3.42  -4.55   9.71
  77.6   24.5  -2.54  -4.58   9.31
  77.6   25.0  -2.13  -4.60   9.12
  77.6   25.5  -1.88  -4.62   9.02
  77.6   26.0  -1.71  -4.62   8.94
  77.6   26.5  -1.58  -4.63   8.88
  77.6   27.0  -1.47  -4.63   8.83
  77.6   27.5  -1.38  -4.63   8.78
  77.6   28.0  -1.29  -4.62   8.73
  77.7    9.5  -1.54  -0.34   4.14
  77.7   10.0  -1.65  -0.56   4.44
  77.7   10.5  -1.77  -0.77   4.73
  77.7   11.0  -1.90  -0.99   5.04
  77.7   11.5  -2.04  -1.21   5.35
  77.7   12.0  -2.20  -1.42   5.66
  77.7   12.5  -2.38  -1.64   5.99
  77.7   13.0  -2.59  -1.84   6.32
  77.7   13.5  -2.85  -2.05   6.68
  77.7   14.0  -3.18  -2.25   7.07
  77.7   14.5  -3.53  -2.45   7.46
  77.7   15.0  -3.90  -2.63   7.84
  77.7   15.5  -4.50  -2.82   8.35
  77.7   16.0  -5.00  -2.99   8.79
  77.7   16.5  -5.55  -3.16   9.25
  77.7   17.0  -5.92  -3.31   9.60
  77.7   17.5  -5.99  -3.46   9.80
  77.7   18.0  -5.61  -3.60   9.77
  77.7   18.5  -4.37  -3.73   9.29
  77.7   19.0  -3.65  -3.84   9.05
  77.7   19.5  -3.33  -3.96   9.02
  77.7   20.0  -3.17  -4.06   9.05
  77.7   20.5  -3.11  -4.15   9.12
  77.7   21.0  -3.21  -4.23   9.26
  77.7   21.5  -3.63  -4.31   9.56
  77.7   22.0  -4.21  -4.37   9.91
  77.7   22.5  -3.86  -4.43   9.80
  77.7   23.0  -4.44  -4.47  10.14
  77.7   23.5  -4.86  -4.51  10.39
  77.7   24.0  -4.10  -4.54  10.04
  77.7   24.5  -2.82  -4.57   9.44
  77.7   25.0  -2.27  -4.59   9.18
  77.7   25.5  -1.98  -4.61   9.06
  77.7   26.0  -1.79  -4.61   8.97
  77.7   26.5  -1.65  -4.62   8.91
  77.7   27.0  -1.53  -4.62   8.85
  77.7   27.5  -1.43  -4.61   8.79
  77.7   28.0  -1.34  -4.60   8.73
  77.8    9.5  -1.61  -0.39   4.23
  77.8   10.0  -1.72  -0.60   4.52
  77.8   10.5  -1.85  -0.82   4.83
  77.8   11.0  -1.98  -1.03   5.12
  77.8   11.5  -2.13  -1.25   5.44
  77.8   12.0  -2.30  -1.46   5.76
  77.8   12.5  -2.48  -1.67   6.08
  77.8   13.0  -2.70  -1.88   6.42
  77.8   13.5  -2.98  -2.09   6.79
  77.8   14.0  -3.42  -2.28   7.22
  77.8   14.5  -3.92  -2.48   7.69
  77.8   15.0  -3.96  -2.66   7.91
  77.8   15.5  -4.14  -2.84   8.19
  77.8   16.0  -4.48  -3.01   8.55
  77.8   16.5  -4.86  -3.18   8.93
  77.8   17.0  -5.38  -3.33   9.35
  77.8   17.5  -5.90  -3.48   9.78
  77.8   18.0  -5.76  -3.61   9.85
  77.8   18.5  -4.60  -3.75   9.43
  77.8   19.0  -3.82  -3.86   9.16
  77.8   19.5  -3.49  -3.97   9.11
  77.8   20.0  -3.32  -4.07   9.14
  77.8   20.5  -3.24  -4.16   9.20
  77.8   21.0  -3.28  -4.24   9.30
  77.8   21.5  -3.48  -4.31   9.48
  77.8   22.0  -3.85  -4.37   9.73
  77.8   22.5  -4.13  -4.43   9.94
  77.8   23.0  -4.80  -4.47  10.32
  77.8   23.5  -4.99  -4.51  10.46
  77.8   24.0  -4.34  -4.54  10.16
  77.8   24.5  -2.97  -4.57   9.51
  77.8   25.0  -2.36  -4.58   9.22
  77.8   25.5  -2.06  -4.60   9.09
  77.8   26.0  -1.86  -4.60   8.99
  77.8   26.5  -1.71  -4.61   8.93
  77.8   27.0  -1.59  -4.60   8.86
  77.8   27.5  -1.48  -4.60   8.80
  77.8   28.0  -1.39  -4.58   8.73
  77.9    9.5  -1.67  -0.43   4.31
  77.9   10.0  -1.79  -0.65   4.61
  77.9   10.5  -1.93  -0.86   4.91
  77.9   11.0  -2.07  -1.08   5.22
  77.9   11.5  -2.23  -1.29   5.53
  77.9   12.0  -2.40  -1.50   5.85
  77.9   12.5  -2.60  -1.71   6.18
  77.9   13.0  -2.82  -1.92   6.52
  77.9   13.5  -3.14  -2.12   6.90
  77.9   14.0  -3.82  -2.31   7.45
  77.9   14.5  -4.25  -2.51   7.89
  77.9   15.0  -4.22  -2.69   8.07
  77.9   15.5  -4.18  -2.87   8.25
  77.9   16.0  -4.57  -3.04   8.63
  77.9   16.5  -4.93  -3.20   8.98
  77.9   17.0  -5.26  -3.35   9.32
  77.9   17.5  -5.68  -3.50   9.69
  77.9   18.0  -5.62  -3.63   9.80
  77.9   18.5  -4.58  -3.76   9.43
  77.9   19.0  -3.96  -3.87   9.24
  77.9   19.5  -3.65  -3.98   9.20
  77.9   20.0  -3.47  -4.08   9.22
  77.9   20.5  -3.39  -4.17   9.28
  77.9   21.0  -3.40  -4.24   9.36
  77.9   21.5  -3.56  -4.32   9.53
  77.9   22.0  -4.14  -4.37   9.88
  77.9   22.5  -4.35  -4.43  10.05
  77.9   23.0  -4.49  -4.47  10.16
  77.9   23.5  -4.38  -4.51  10.15
  77.9   24.0  -4.11  -4.54  10.05
  77.9   24.5  -2.97  -4.56   9.50
  77.9   25.0  -2.40  -4.57   9.23
  77.9   25.5  -2.11  -4.59   9.10
  77.9   26.0  -1.92  -4.59   9.01
  77.9   26.5  -1.77  -4.59   8.93
  77.9   27.0  -1.64  -4.59   8.87
  77.9   27.5  -1.53  -4.58   8.80
  77.9   28.0  -1.44  -4.57   8.75
  78.0    9.5  -1.74  -0.48   4.40
  78.0   10.0  -1.87  -0.69   4.69
  78.0   10.5  -2.01  -0.90   5.00
  78.0   11.0  -2.17  -1.12   5.32
  78.0   11.5  -2.34  -1.33   5.63
  78.0   12.0  -2.53  -1.54   5.96
  78.0   12.5  -2.73  -1.75   6.29
  78.0   13.0  -2.97  -1.95   6.63
  78.0   13.5  -3.27  -2.15   7.00
  78.0   14.0  -3.75  -2.35   7.46
  78.0   14.5  -3.95  -2.54   7.77
  78.0   15.0  -4.21  -2.72   8.10
  78.0   15.5  -4.35  -2.90   8.37
  78.0   16.0  -4.60  -3.06   8.67
  78.0   16.5  -5.21  -3.23   9.16
  78.0   17.0  -5.43  -3.37   9.42
  78.0   17.5  -5.38  -3.52   9.56
  78.0   18.0  -5.43  -3.65   9.73
  78.0   18.5  -4.65  -3.78   9.48
  78.0   19.0  -4.14  -3.89   9.35
  78.0   19.5  -3.83  -4.00   9.32
  78.0   20.0  -3.64  -4.09   9.32
  78.0   20.5  -3.55  -4.18   9.37
  78.0   21.0  -3.59  -4.25   9.47
  78.0   21.5  -3.85  -4.32   9.68
  78.0   22.0  -4.04  -4.38   9.84
  78.0   22.5  -3.79  -4.43   9.77
  78.0   23.0  -3.59  -4.47   9.71
  78.0   23.5  -3.41  -4.51   9.67
  78.0   24.0  -3.17  -4.53   9.57
  78.0   24.5  -2.74  -4.56   9.39
  78.0   25.0  -2.38  -4.57   9.22
  78.0   25.5  -2.14  -4.58   9.11
  78.0   26.0  -1.96  -4.58   9.02
  78.0   26.5  -1.82  -4.58   8.95
  78.0   27.0  -1.69  -4.57   8.87
  78.0   27.5  -1.59  -4.56   8.81
  78.0   28.0  -1.49  -4.55   8.75
  78.1    9.5  -1.81  -0.53   4.49
  78.1   10.0  -1.95  -0.74   4.79
  78.1   10.5  -2.10  -0.95   5.09
  78.1   11.0  -2.28  -1.16   5.42
  78.1   11.5  -2.46  -1.37   5.74
  78.1   12.0  -2.67  -1.58   6.07
  78.1   12.5  -2.91  -1.79   6.42
  78.1   13.0  -3.16  -1.99   6.77
  78.1   13.5  -3.43  -2.19   7.12
  78.1   14.0  -3.67  -2.38   7.45
  78.1   14.5  -3.84  -2.57   7.75
  78.1   15.0  -4.06  -2.75   8.05
  78.1   15.5  -4.42  -2.93   8.43
  78.1   16.0  -4.81  -3.09   8.80
  78.1   16.5  -5.25  -3.25   9.20
  78.1   17.0  -5.46  -3.40   9.47
  78.1   17.5  -5.74  -3.54   9.76
  78.1   18.0  -5.47  -3.67   9.77
  78.1   18.5  -4.98  -3.79   9.66
  78.1   19.0  -4.48  -3.90   9.53
  78.1   19.5  -4.06  -4.01   9.44
  78.1   20.0  -3.83  -4.10   9.43
  78.1   20.5  -3.73  -4.19   9.47
  78.1   21.0  -3.79  -4.26   9.58
  78.1   21.5  -4.21  -4.33   9.87
  78.1   22.0  -4.05  -4.38   9.84
  78.1   22.5  -3.57  -4.43   9.66
  78.1   23.0  -3.29  -4.47   9.56
  78.1   23.5  -3.07  -4.50   9.48
  78.1   24.0  -2.85  -4.53   9.41
  78.1   24.5  -2.60  -4.55   9.30
  78.1   25.0  -2.37  -4.56   9.20
  78.1   25.5  -2.17  -4.57   9.11
  78.1   26.0  -2.01  -4.57   9.03
  78.1   26.5  -1.87  -4.57   8.96
  78.1   27.0  -1.75  -4.56   8.89
  78.1   27.5  -1.64  -4.55   8.82
  78.1   28.0  -1.54  -4.53   8.75
  78.2    9.5  -1.88  -0.57   4.57
  78.2   10.0  -2.03  -0.78   4.87
  78.2   10.5  -2.21  -0.99   5.19
  78.2   11.0  -2.40  -1.20   5.52
  78.2   11.5  -2.62  -1.41   5.86
  78.2   12.0  -2.86  -1.62   6.21
  78.2   12.5  -3.15  -1.83   6.59
  78.2   13.0  -3.49  -2.03   6.98
  78.2   13.5  -3.87  -2.22   7.38
  78.2   14.0  -3.94  -2.41   7.62
  78.2   14.5  -3.96  -2.60   7.84
  78.2   15.0  -4.09  -2.78   8.10
  78.2   15.5  -4.37  -2.95   8.43
  78.2   16.0  -4.66  -3.11   8.75
  78.2   16.5  -4.93  -3.27   9.06
  78.2   17.0  -5.18  -3.42   9.35
  78.2   17.5  -5.57  -3.56   9.70
  78.2   18.0  -5.93  -3.69  10.02
  78.2   18.5  -5.95  -3.81  10.17
  78.2   19.0  -4.95  -3.92   9.79
  78.2   19.5  -4.34  -4.02   9.59
  78.2   20.0  -4.07  -4.11   9.56
  78.2   20.5  -3.96  -4.19   9.59
  78.2   21.0  -3.97  -4.26   9.67
  78.2   21.5  -4.04  -4.33   9.78
  78.2   22.0  -3.86  -4.38   9.75
  78.2   22.5  -3.48  -4.43   9.61
  78.2   23.0  -3.20  -4.47   9.52
  78.2   23.5  -2.98  -4.50   9.44
  78.2   24.0  -2.77  -4.52   9.36
  78.2   24.5  -2.57  -4.54   9.28
  78.2   25.0  -2.38  -4.55   9.20
  78.2   25.5  -2.21  -4.56   9.12
  78.2   26.0  -2.06  -4.56   9.05
  78.2   26.5  -1.92  -4.55   8.96
  78.2   27.0  -1.80  -4.54   8.89
  78.2   27.5  -1.69  -4.53   8.83
  78.2   28.0  -1.59  -4.51   8.76
  78.3    9.5  -1.95  -0.62   4.66
  78.3   10.0  -2.12  -0.83   4.97
  78.3   10.5  -2.32  -1.04   5.30
  78.3   11.0  -2.54  -1.24   5.63
  78.3   11.5  -2.80  -1.45   6.00
  78.3   12.0  -3.10  -1.66   6.38
  78.3   12.5  -3.51  -1.86   6.80
  78.3   13.0  -4.14  -2.06   7.34
  78.3   13.5  -4.86  -2.26   7.92
  78.3   14.0  -4.66  -2.45   8.03
  78.3   14.5  -4.25  -2.63   8.02
  78.3   15.0  -4.21  -2.81   8.20
  78.3   15.5  -4.34  -2.98   8.45
  78.3   16.0  -4.68  -3.14   8.79
  78.3   16.5  -4.86  -3.30   9.06
  78.3   17.0  -5.10  -3.44   9.33
  78.3   17.5  -5.58  -3.58   9.73
  78.3   18.0  -6.28  -3.70  10.21
  78.3   18.5  -6.46  -3.83  10.44
  78.3   19.0  -5.43  -3.93  10.04
  78.3   19.5  -4.67  -4.03   9.77
  78.3   20.0  -4.35  -4.12   9.71
  78.3   20.5  -4.27  -4.20   9.76
  78.3   21.0  -4.48  -4.27   9.94
  78.3   21.5  -4.63  -4.34  10.09
  78.3   22.0  -4.15  -4.39   9.90
  78.3   22.5  -3.56  -4.43   9.65
  78.3   23.0  -3.22  -4.47   9.53
  78.3   23.5  -2.98  -4.50   9.44
  78.3   24.0  -2.77  -4.52   9.36
  78.3   24.5  -2.59  -4.54   9.29
  78.3   25.0  -2.42  -4.54   9.20
  78.3   25.5  -2.26  -4.55   9.13
  78.3   26.0  -2.11  -4.55   9.06
  78.3   26.5  -1.98  -4.54   8.98
  78.3   27.0  -1.86  -4.53   8.91
  78.3   27.5  -1.74  -4.51   8.83
  78.3   28.0  -1.64  -4.49   8.76
  78.4    9.5  -2.03  -0.66   4.74
  78.4   10.0  -2.22  -0.87   5.07
  78.4   10.5  -2.45  -1.08   5.41
  78.4   11.0  -2.73  -1.29   5.78
  78.4   11.5  -3.07  -1.49   6.17
  78.4   12.0  -3.41  -1.70   6.58
  78.4   12.5  -4.03  -1.90   7.11
  78.4   13.0  -5.08  -2.10   7.85
  78.4   13.5  -5.72  -2.29   8.38
  78.4   14.0  -5.47  -2.48   8.46
  78.4   14.5  -4.63  -2.66   8.24
  78.4   15.0  -4.42  -2.84   8.33
  78.4   15.5  -4.47  -3.01   8.55
  78.4   16.0  -4.66  -3.17   8.82
  78.4   16.5  -4.93  -3.32   9.12
  78.4   17.0  -5.39  -3.46   9.50
  78.4   17.5  -6.28  -3.60  10.10
  78.4   18.0  -6.99  -3.72  10.59
  78.4   18.5  -6.91  -3.84  10.68
  78.4   19.0  -6.02  -3.94  10.34
  78.4   19.5  -5.08  -4.05  10.00
  78.4   20.0  -4.68  -4.13   9.88
  78.4   20.5  -4.60  -4.21   9.93
  78.4   21.0  -5.18  -4.28  10.30
  78.4   21.5  -5.47  -4.34  10.51
  78.4   22.0  -4.69  -4.39  10.17
  78.4   22.5  -3.71  -4.44   9.74
  78.4   23.0  -3.29  -4.47   9.56
  78.4   23.5  -3.02  -4.50   9.46
  78.4   24.0  -2.82  -4.52   9.38
  78.4   24.5  -2.64  -4.53   9.30
  78.4   25.0  -2.47  -4.54   9.23
  78.4   25.5  -2.32  -4.54   9.15
  78.4   26.0  -2.17  -4.53   9.07
  78.4   26.5  -2.04  -4.53   9.00
  78.4   27.0  -1.92  -4.51   8.92
  78.4   27.5  -1.80  -4.50   8.85
  78.4   28.0  -1.70  -4.48   8.78
  78.5    9.5  -2.10  -0.71   4.83
  78.5   10.0  -2.32  -0.92   5.17
  78.5   10.5  -2.60  -1.12   5.53
  78.5   11.0  -2.98  -1.33   5.95
  78.5   11.5  -3.43  -1.54   6.41
  78.5   12.0  -3.79  -1.74   6.81
  78.5   12.5  -4.57  -1.94   7.42
  78.5   13.0  -5.40  -2.13   8.04
  78.5   13.5  -6.07  -2.33   8.60
  78.5   14.0  -5.96  -2.51   8.74
  78.5   14.5  -5.05  -2.70   8.50
  78.5   15.0  -4.68  -2.87   8.50
  78.5   15.5  -4.75  -3.04   8.72
  78.5   16.0  -4.93  -3.19   8.97
  78.5   16.5  -5.24  -3.35   9.30
  78.5   17.0  -5.95  -3.48   9.80
  78.5   17.5  -6.91  -3.62  10.44
  78.5   18.0  -7.48  -3.74  10.85
  78.5   18.5  -7.46  -3.86  10.98
  78.5   19.0  -6.71  -3.96  10.71
  78.5   19.5  -5.76  -4.06  10.35
  78.5   20.0  -5.10  -4.14  10.10
  78.5   20.5  -4.86  -4.22  10.07
  78.5   21.0  -5.11  -4.28  10.26
  78.5   21.5  -5.40  -4.35  10.48
  78.5   22.0  -4.67  -4.39  10.16
  78.5   22.5  -3.76  -4.44   9.76
  78.5   23.0  -3.36  -4.47   9.60
  78.5   23.5  -3.09  -4.50   9.50
  78.5   24.0  -2.88  -4.51   9.40
  78.5   24.5  -2.70  -4.53   9.33
  78.5   25.0  -2.54  -4.53   9.25
  78.5   25.5  -2.39  -4.53   9.18
  78.5   26.0  -2.24  -4.52   9.09
  78.5   26.5  -2.11  -4.52   9.03
  78.5   27.0  -1.99  -4.50   8.95
  78.5   27.5  -1.87  -4.48   8.86
  78.5   28.0  -1.76  -4.46   8.79
  78.6    9.5  -2.17  -0.68   4.83
  78.6   10.0  -2.41  -0.88   5.17
  78.6   10.5  -2.75  -1.08   5.56
  78.6   11.0  -3.34  -1.29   6.09
  78.6   11.5  -3.63  -1.49   6.45
  78.6   12.0  -4.32  -1.69   7.02
  78.6   12.5  -5.47  -1.88   7.80
  78.6   13.0  -6.12  -2.07   8.34
  78.6   13.5  -6.45  -2.26   8.71
  78.6   14.0  -6.32  -2.44   8.84
  78.6   14.5  -5.36  -2.62   8.56
  78.6   15.0  -4.96  -2.79   8.55
  78.6   15.5  -5.05  -2.96   8.78
  78.6   16.0  -5.37  -3.11   9.11
  78.6   16.5  -5.65  -3.26   9.41
  78.6   17.0  -6.52  -3.40  10.00
  78.6   17.5  -7.44  -3.53  10.60
  78.6   18.0  -7.92  -3.65  10.98
  78.6   18.5  -7.91  -3.76  11.09
  78.6   19.0  -7.56  -3.86  11.03
  78.6   19.5  -6.74  -3.96  10.73
  78.6   20.0  -5.84  -4.04  10.36
  78.6   20.5  -5.25  -4.12  10.16
  78.6   21.0  -4.94  -4.18  10.07
  78.6   21.5  -4.73  -4.24  10.03
  78.6   22.0  -4.25  -4.29   9.84
  78.6   22.5  -3.75  -4.33   9.64
  78.6   23.0  -3.42  -4.36   9.51
  78.6   23.5  -3.17  -4.39   9.41
  78.6   24.0  -2.97  -4.41   9.34
  78.6   24.5  -2.79  -4.42   9.26
  78.6   25.0  -2.62  -4.43   9.18
  78.6   25.5  -2.47  -4.43   9.11
  78.6   26.0  -2.33  -4.42   9.03
  78.6   26.5  -2.20  -4.41   8.95
  78.6   27.0  -2.07  -4.40   8.88
  78.6   27.5  -1.94  -4.38   8.79
  78.6   28.0  -1.82  -4.36   8.71
  78.7    9.5  -2.23  -0.65   4.83
  78.7   10.0  -2.49  -0.85   5.18
  78.7   10.5  -2.88  -1.05   5.60
  78.7   11.0  -3.53  -1.24   6.13
  78.7   11.5  -3.86  -1.44   6.51
  78.7   12.0  -5.00  -1.64   7.30
  78.7   12.5  -6.09  -1.83   8.06
  78.7   13.0  -6.66  -2.02   8.55
  78.7   13.5  -6.89  -2.20   8.87
  78.7   14.0  -6.65  -2.38   8.94
  78.7   14.5  -5.78  -2.55   8.70
  78.7   15.0  -5.30  -2.72   8.64
  78.7   15.5  -5.37  -2.88   8.85
  78.7   16.0  -5.85  -3.03   9.26
  78.7   16.5  -6.22  -3.18   9.61
  78.7   17.0  -7.19  -3.31  10.24
  78.7   17.5  -7.96  -3.44  10.76
  78.7   18.0  -8.21  -3.56  11.02
  78.7   18.5  -8.19  -3.67  11.13
  78.7   19.0  -8.01  -3.77  11.15
  78.7   19.5  -7.66  -3.86  11.08
  78.7   20.0  -7.08  -3.94  10.87
  78.7   20.5  -6.22  -4.02  10.53
  78.7   21.0  -5.56  -4.08  10.27
  78.7   21.5  -4.73  -4.14   9.92
  78.7   22.0  -4.16  -4.19   9.69
  78.7   22.5  -3.78  -4.23   9.54
  78.7   23.0  -3.50  -4.26   9.44
  78.7   23.5  -3.27  -4.29   9.35
  78.7   24.0  -3.07  -4.30   9.27
  78.7   24.5  -2.89  -4.32   9.20
  78.7   25.0  -2.73  -4.32   9.12
  78.7   25.5  -2.57  -4.32   9.04
  78.7   26.0  -2.42  -4.32   8.96
  78.7   26.5  -2.30  -4.31   8.89
  78.7   27.0  -2.16  -4.29   8.80
  78.7   27.5  -2.01  -4.28   8.71
  78.7   28.0  -1.89  -4.26   8.63
  78.8    9.5  -2.27  -0.62   4.82
  78.8   10.0  -2.54  -0.81   5.16
  78.8   10.5  -2.89  -1.01   5.56
  78.8   11.0  -3.35  -1.20   6.00
  78.8   11.5  -3.93  -1.39   6.49
  78.8   12.0  -5.09  -1.58   7.28
  78.8   12.5  -6.10  -1.77   8.00
  78.8   13.0  -6.76  -1.96   8.54
  78.8   13.5  -7.06  -2.14   8.88
  78.8   14.0  -6.85  -2.31   8.97
  78.8   14.5  -6.15  -2.48   8.80
  78.8   15.0  -5.70  -2.64   8.75
  78.8   15.5  -5.63  -2.80   8.89
  78.8   16.0  -6.20  -2.95   9.35
  78.8   16.5  -6.88  -3.09   9.84
  78.8   17.0  -7.73  -3.22  10.41
  78.8   17.5  -8.26  -3.35  10.82
  78.8   18.0  -8.44  -3.47  11.04
  78.8   18.5  -8.43  -3.58  11.15
  78.8   19.0  -8.33  -3.67  11.20
  78.8   19.5  -8.06  -3.77  11.18
  78.8   20.0  -7.62  -3.85  11.04
  78.8   20.5  -6.98  -3.92  10.80
  78.8   21.0  -6.16  -3.98  10.46
  78.8   21.5  -4.94  -4.04   9.91
  78.8   22.0  -4.22  -4.09   9.61
  78.8   22.5  -3.86  -4.13   9.47
  78.8   23.0  -3.61  -4.16   9.38
  78.8   23.5  -3.39  -4.19   9.30
  78.8   24.0  -3.20  -4.20   9.22
  78.8   24.5  -3.03  -4.21   9.15
  78.8   25.0  -2.85  -4.22   9.07
  78.8   25.5  -2.69  -4.22   8.99
  78.8   26.0  -2.53  -4.21   8.90
  78.8   26.5  -2.39  -4.21   8.83
  78.8   27.0  -2.24  -4.19   8.73
  78.8   27.5  -2.10  -4.18   8.65
  78.8   28.0  -1.98  -4.15   8.55
  78.9    9.5  -2.31  -0.59   4.80
  78.9   10.0  -2.57  -0.78   5.14
  78.9   10.5  -2.90  -0.97   5.52
  78.9   11.0  -3.32  -1.16   5.94
  78.9   11.5  -3.97  -1.35   6.47
  78.9   12.0  -4.90  -1.53   7.13
  78.9   12.5  -5.94  -1.72   7.86
  78.9   13.0  -6.85  -1.90   8.52
  78.9   13.5  -7.15  -2.07   8.85
  78.9   14.0  -7.02  -2.24   8.97
  78.9   14.5  -6.63  -2.41   8.97
  78.9   15.0  -6.15  -2.57   8.90
  78.9   15.5  -6.05  -2.73   9.03
  78.9   16.0  -6.18  -2.87   9.25
  78.9   16.5  -6.86  -3.01   9.74
  78.9   17.0  -7.79  -3.14  10.35
  78.9   17.5  -8.33  -3.26  10.75
  78.9   18.0  -8.50  -3.38  10.97
  78.9   18.5  -8.48  -3.49  11.08
  78.9   19.0  -8.35  -3.58  11.11
  78.9   19.5  -8.06  -3.67  11.07
  78.9   20.0  -7.52  -3.75  10.88
  78.9   20.5  -6.66  -3.82  10.53
  78.9   21.0  -5.53  -3.88  10.03
  78.9   21.5  -4.75  -3.94   9.71
  78.9   22.0  -4.27  -3.98   9.51
  78.9   22.5  -3.98  -4.03   9.42
  78.9   23.0  -3.76  -4.05   9.34
  78.9   23.5  -3.57  -4.08   9.27
  78.9   24.0  -3.38  -4.10   9.20
  78.9   24.5  -3.20  -4.11   9.12
  78.9   25.0  -3.01  -4.11   9.03
  78.9   25.5  -2.83  -4.12   8.95
  78.9   26.0  -2.66  -4.11   8.85
  78.9   26.5  -2.49  -4.10   8.75
  78.9   27.0  -2.33  -4.09   8.66
  78.9   27.5  -2.19  -4.07   8.57
  78.9   28.0  -2.07  -4.05   8.49
  79.0    9.5  -2.34  -0.56   4.79
  79.0   10.0  -2.60  -0.74   5.11
  79.0   10.5  -2.93  -0.93   5.49
  79.0   11.0  -3.35  -1.12   5.91
  79.0   11.5  -3.94  -1.30   6.40
  79.0   12.0  -4.88  -1.48   7.07
  79.0   12.5  -6.03  -1.66   7.84
  79.0   13.0  -6.96  -1.84   8.50
  79.0   13.5  -7.28  -2.01   8.85
  79.0   14.0  -7.22  -2.18   9.01
  79.0   14.5  -6.90  -2.34   9.02
  79.0   15.0  -6.50  -2.49   8.99
  79.0   15.5  -6.22  -2.65   9.03
  79.0   16.0  -6.07  -2.79   9.10
  79.0   16.5  -6.68  -2.93   9.56
  79.0   17.0  -7.63  -3.05  10.17
  79.0   17.5  -8.24  -3.18  10.62
  79.0   18.0  -8.40  -3.28  10.81
  79.0   18.5  -8.31  -3.39  10.88
  79.0   19.0  -8.09  -3.48  10.87
  79.0   19.5  -7.72  -3.57  10.79
  79.0   20.0  -6.74  -3.65  10.39
  79.0   20.5  -5.86  -3.72  10.02
  79.0   21.0  -5.13  -3.78   9.72
  79.0   21.5  -4.66  -3.84   9.55
  79.0   22.0  -4.36  -3.88   9.45
  79.0   22.5  -4.14  -3.92   9.38
  79.0   23.0  -3.98  -3.95   9.34
  79.0   23.5  -3.82  -3.98   9.29
  79.0   24.0  -3.64  -3.99   9.21
  79.0   24.5  -3.44  -4.01   9.13
  79.0   25.0  -3.23  -4.01   9.03
  79.0   25.5  -3.02  -4.01   8.92
  79.0   26.0  -2.82  -4.01   8.82
  79.0   26.5  -2.63  -4.00   8.71
  79.0   27.0  -2.45  -3.99   8.61
  79.0   27.5  -2.28  -3.97   8.51
  79.0   28.0  -2.13  -3.95   8.41
  79.1    9.5  -2.36  -0.53   4.76
  79.1   10.0  -2.63  -0.71   5.10
  79.1   10.5  -2.98  -0.89   5.47
  79.1   11.0  -3.42  -1.07   5.89
  79.1   11.5  -4.06  -1.25   6.40
  79.1   12.0  -5.23  -1.43   7.19
  79.1   12.5  -6.31  -1.61   7.93
  79.1   13.0  -6.94  -1.78   8.43
  79.1   13.5  -7.09  -1.95   8.69
  79.1   14.0  -6.91  -2.11   8.78
  79.1   14.5  -6.66  -2.27   8.83
  79.1   15.0  -6.48  -2.42   8.90
  79.1   15.5  -6.00  -2.57   8.83
  79.1   16.0  -5.92  -2.71   8.94
  79.1   16.5  -6.66  -2.84   9.45
  79.1   17.0  -7.53  -2.97  10.03
  79.1   17.5  -8.08  -3.09  10.44
  79.1   18.0  -8.24  -3.19  10.63
  79.1   18.5  -8.01  -3.30  10.63
  79.1   19.0  -7.68  -3.39  10.57
  79.1   19.5  -7.11  -3.48  10.38
  79.1   20.0  -6.03  -3.55   9.92
  79.1   20.5  -5.54  -3.62   9.75
  79.1   21.0  -5.01  -3.68   9.55
  79.1   21.5  -4.71  -3.74   9.47
  79.1   22.0  -4.52  -3.78   9.42
  79.1   22.5  -4.41  -3.82   9.41
  79.1   23.0  -4.35  -3.85   9.41
  79.1   23.5  -4.27  -3.87   9.39
  79.1   24.0  -4.08  -3.89   9.32
  79.1   24.5  -3.80  -3.90   9.19
  79.1   25.0  -3.53  -3.91   9.07
  79.1   25.5  -3.26  -3.91   8.93
  79.1   26.0  -3.02  -3.90   8.80
  79.1   26.5  -2.79  -3.90   8.69
  79.1   27.0  -2.58  -3.88   8.56
  79.1   27.5  -2.39  -3.87   8.45
  79.1   28.0  -2.22  -3.85   8.35
  79.2    9.5  -2.37  -0.50   4.74
  79.2   10.0  -2.67  -0.68   5.08
  79.2   10.5  -3.06  -0.85   5.46
  79.2   11.0  -3.61  -1.03   5.94
  79.2   11.5  -4.28  -1.21   6.47
  79.2   12.0  -5.14  -1.38   7.09
  79.2   12.5  -6.23  -1.55   7.82
  79.2   13.0  -6.74  -1.72   8.26
  79.2   13.5  -6.57  -1.88   8.35
  79.2   14.0  -6.07  -2.04   8.28
  79.2   14.5  -5.96  -2.20   8.40
  79.2   15.0  -6.09  -2.35   8.63
  79.2   15.5  -5.70  -2.49   8.59
  79.2   16.0  -5.82  -2.63   8.80
  79.2   16.5  -6.66  -2.76   9.37
  79.2   17.0  -7.45  -2.88   9.89
  79.2   17.5  -7.86  -3.00  10.23
  79.2   18.0  -7.95  -3.10  10.39
  79.2   18.5  -7.59  -3.21  10.33
  79.2   19.0  -6.73  -3.29   9.98
  79.2   19.5  -6.08  -3.38   9.76
  79.2   20.0  -5.56  -3.45   9.57
  79.2   20.5  -5.24  -3.52   9.49
  79.2   21.0  -5.03  -3.58   9.45
  79.2   21.5  -4.88  -3.64   9.44
  79.2   22.0  -4.80  -3.68   9.45
  79.2   22.5  -4.86  -3.72   9.52
  79.2   23.0  -5.13  -3.74   9.68
  79.2   23.5  -5.40  -3.77   9.85
  79.2   24.0  -5.07  -3.79   9.70
  79.2   24.5  -4.42  -3.80   9.39
  79.2   25.0  -3.99  -3.80   9.18
  79.2   25.5  -3.62  -3.81   9.00
  79.2   26.0  -3.28  -3.80   8.82
  79.2   26.5  -2.99  -3.79   8.66
  79.2   27.0  -2.73  -3.78   8.52
  79.2   27.5  -2.51  -3.77   8.40
  79.2   28.0  -2.32  -3.75   8.29
  79.3    9.5  -2.37  -0.47   4.70
  79.3   10.0  -2.69  -0.64   5.05
  79.3   10.5  -3.18  -0.81   5.48
  79.3   11.0  -4.10  -0.99   6.14
  79.3   11.5  -4.86  -1.16   6.71
  79.3   12.0  -5.38  -1.33   7.15
  79.3   12.5  -6.11  -1.50   7.71
  79.3   13.0  -6.31  -1.66   7.98
  79.3   13.5  -5.93  -1.82   7.97
  79.3   14.0  -5.41  -1.97   7.87
  79.3   14.5  -5.63  -2.13   8.16
  79.3   15.0  -5.60  -2.27   8.30
  79.3   15.5  -5.44  -2.42   8.38
  79.3   16.0  -5.77  -2.55   8.69
  79.3   16.5  -6.77  -2.68   9.33
  79.3   17.0  -7.37  -2.79   9.75
  79.3   17.5  -7.42  -2.91   9.91
  79.3   18.0  -7.57  -3.01  10.10
  79.3   18.5  -7.25  -3.11  10.05
  79.3   19.0  -6.23  -3.20   9.64
  79.3   19.5  -5.65  -3.28   9.43
  79.3   20.0  -5.40  -3.35   9.39
  79.3   20.5  -5.32  -3.42   9.42
  79.3   21.0  -5.34  -3.48   9.50
  79.3   21.5  -5.29  -3.53   9.53
  79.3   22.0  -5.25  -3.57   9.55
  79.3   22.5  -5.50  -3.61   9.72
  79.3   23.0  -6.38  -3.64  10.19
  79.3   23.5  -6.71  -3.67  10.39
  79.3   24.0  -6.42  -3.68  10.26
  79.3   24.5  -5.57  -3.70   9.86
  79.3   25.0  -4.84  -3.70   9.49
  79.3   25.5  -4.20  -3.70   9.17
  79.3   26.0  -3.65  -3.70   8.89
  79.3   26.5  -3.23  -3.69   8.67
  79.3   27.0  -2.91  -3.68   8.50
  79.3   27.5  -2.65  -3.67   8.36
  79.3   28.0  -2.42  -3.65   8.23
  79.4    9.5  -2.35  -0.44   4.66
  79.4   10.0  -2.69  -0.61   5.02
  79.4   10.5  -3.24  -0.78   5.48
  79.4   11.0  -4.39  -0.94   6.23
  79.4   11.5  -5.39  -1.11   6.92
  79.4   12.0  -5.78  -1.28   7.30
  79.4   12.5  -5.97  -1.44   7.57
  79.4   13.0  -5.74  -1.60   7.63
  79.4   13.5  -5.14  -1.76   7.51
  79.4   14.0  -4.90  -1.91   7.55
  79.4   14.5  -5.18  -2.06   7.86
  79.4   15.0  -5.20  -2.20   8.02
  79.4   15.5  -5.20  -2.34   8.17
  79.4   16.0  -5.89  -2.47   8.66
  79.4   16.5  -6.96  -2.59   9.33
  79.4   17.0  -7.20  -2.71   9.58
  79.4   17.5  -6.82  -2.82   9.51
  79.4   18.0  -6.79  -2.92   9.61
  79.4   18.5  -6.89  -3.02   9.77
  79.4   19.0  -6.00  -3.10   9.41
  79.4   19.5  -5.53  -3.19   9.27
  79.4   20.0  -5.52  -3.26   9.35
  79.4   20.5  -5.75  -3.32   9.53
  79.4   21.0  -6.34  -3.38   9.89
  79.4   21.5  -6.35  -3.43   9.95
  79.4   22.0  -6.13  -3.47   9.88
  79.4   22.5  -6.18  -3.51   9.95
  79.4   23.0  -6.96  -3.54  10.37
  79.4   23.5  -7.39  -3.56  10.61
  79.4   24.0  -7.28  -3.58  10.58
  79.4   24.5  -6.90  -3.59  10.40
  79.4   25.0  -6.31  -3.60  10.12
  79.4   25.5  -5.30  -3.60   9.61
  79.4   26.0  -4.17  -3.59   9.03
  79.4   26.5  -3.54  -3.59   8.72
  79.4   27.0  -3.12  -3.58   8.50
  79.4   27.5  -2.79  -3.56   8.31
  79.4   28.0  -2.53  -3.55   8.17
  79.5    9.5  -2.30  -0.41   4.60
  79.5   10.0  -2.63  -0.57   4.94
  79.5   10.5  -3.18  -0.74   5.40
  79.5   11.0  -4.28  -0.90   6.13
  79.5   11.5  -5.24  -1.06   6.79
  79.5   12.0  -5.56  -1.22   7.12
  79.5   12.5  -5.40  -1.38   7.22
  79.5   13.0  -4.99  -1.54   7.19
  79.5   13.5  -4.50  -1.69   7.11
  79.5   14.0  -4.51  -1.84   7.28
  79.5   14.5  -4.83  -1.99   7.60
  79.5   15.0  -4.82  -2.12   7.74
  79.5   15.5  -5.00  -2.26   7.99
  79.5   16.0  -5.83  -2.38   8.53
  79.5   16.5  -6.86  -2.51   9.19
  79.5   17.0  -6.92  -2.62   9.34
  79.5   17.5  -6.39  -2.73   9.20
  79.5   18.0  -6.23  -2.83   9.23
  79.5   18.5  -6.39  -2.93   9.42
  79.5   19.0  -5.69  -3.01   9.16
  79.5   19.5  -5.49  -3.09   9.14
  79.5   20.0  -5.96  -3.16   9.46
  79.5   20.5  -6.40  -3.23   9.75
  79.5   21.0  -6.86  -3.28  10.04
  79.5   21.5  -7.24  -3.33  10.28
  79.5   22.0  -7.32  -3.37  10.37
  79.5   22.5  -7.29  -3.41  10.40
  79.5   23.0  -7.67  -3.43  10.61
  79.5   23.5  -7.83  -3.46  10.72
  79.5   24.0  -7.75  -3.47  10.69
  79.5   24.5  -7.50  -3.49  10.59
  79.5   25.0  -7.06  -3.49  10.37
  79.5   25.5  -6.23  -3.50   9.96
  79.5   26.0  -4.78  -3.49   9.23
  79.5   26.5  -3.90  -3.49   8.79
  79.5   27.0  -3.35  -3.47   8.49
  79.5   27.5  -2.96  -3.46   8.29
  79.5   28.0  -2.65  -3.44   8.11
  79.6    9.5  -2.23  -0.32   4.47
  79.6   10.0  -2.52  -0.48   4.79
  79.6   10.5  -2.97  -0.64   5.19
  79.6   11.0  -3.79  -0.79   5.76
  79.6   11.5  -4.69  -0.95   6.39
  79.6   12.0  -4.99  -1.11   6.72
  79.6   12.5  -4.63  -1.26   6.70
  79.6   13.0  -4.19  -1.41   6.65
  79.6   13.5  -4.02  -1.56   6.73
  79.6   14.0  -4.12  -1.70   6.93
  79.6   14.5  -4.53  -1.84   7.29
  79.6   15.0  -4.55  -1.98   7.45
  79.6   15.5  -4.76  -2.11   7.70
  79.6   16.0  -5.68  -2.23   8.29
  79.6   16.5  -6.68  -2.35   8.93
  79.6   17.0  -6.84  -2.46   9.13
  79.6   17.5  -6.38  -2.57   9.02
  79.6   18.0  -5.89  -2.66   8.87
  79.6   18.5  -5.74  -2.76   8.91
  79.6   19.0  -5.43  -2.84   8.84
  79.6   19.5  -5.45  -2.92   8.94
  79.6   20.0  -5.91  -2.98   9.23
  79.6   20.5  -6.12  -3.05   9.41
  79.6   21.0  -6.71  -3.10   9.77
  79.6   21.5  -7.39  -3.15  10.16
  79.6   22.0  -7.69  -3.19  10.35
  79.6   22.5  -7.88  -3.23  10.49
  79.6   23.0  -8.02  -3.26  10.60
  79.6   23.5  -8.07  -3.28  10.64
  79.6   24.0  -8.00  -3.30  10.63
  79.6   24.5  -7.80  -3.31  10.54
  79.6   25.0  -7.44  -3.32  10.37
  79.6   25.5  -6.78  -3.32  10.04
  79.6   26.0  -5.57  -3.32   9.44
  79.6   26.5  -4.41  -3.32   8.86
  79.6   27.0  -3.66  -3.31   8.47
  79.6   27.5  -3.14  -3.30   8.20
  79.6   28.0  -2.77  -3.28   7.99
  79.7    9.5  -2.12  -0.23   4.31
  79.7   10.0  -2.37  -0.38   4.60
  79.7   10.5  -2.70  -0.54   4.94
  79.7   11.0  -3.24  -0.69   5.38
  79.7   11.5  -4.10  -0.84   5.97
  79.7   12.0  -4.16  -0.99   6.17
  79.7   12.5  -4.05  -1.14   6.28
  79.7   13.0  -3.72  -1.28   6.27
  79.7   13.5  -3.62  -1.43   6.38
  79.7   14.0  -3.73  -1.56   6.58
  79.7   14.5  -4.06  -1.70   6.90
  79.7   15.0  -4.15  -1.83   7.09
  79.7   15.5  -4.40  -1.96   7.36
  79.7   16.0  -5.19  -2.07   7.87
  79.7   16.5  -6.26  -2.19   8.54
  79.7   17.0  -6.60  -2.30   8.83
  79.7   17.5  -6.51  -2.40   8.89
  79.7   18.0  -5.85  -2.49   8.66
  79.7   18.5  -5.40  -2.59   8.55
  79.7   19.0  -5.47  -2.66   8.66
  79.7   19.5  -5.65  -2.74   8.84
  79.7   20.0  -5.78  -2.81   8.98
  79.7   20.5  -5.94  -2.87   9.13
  79.7   21.0  -6.34  -2.92   9.38
  79.7   21.5  -6.81  -2.98   9.68
  79.7   22.0  -7.45  -3.01  10.04
  79.7   22.5  -7.83  -3.05  10.27
  79.7   23.0  -8.03  -3.08  10.40
  79.7   23.5  -8.10  -3.11  10.47
  79.7   24.0  -8.06  -3.12  10.46
  79.7   24.5  -7.91  -3.14  10.41
  79.7   25.0  -7.64  -3.14  10.27
  79.7   25.5  -7.19  -3.15  10.06
  79.7   26.0  -6.49  -3.15   9.71
  79.7   26.5  -5.32  -3.15   9.12
  79.7   27.0  -4.09  -3.14   8.50
  79.7   27.5  -3.36  -3.13   8.12
  79.7   28.0  -2.89  -3.12   7.88
  79.8    9.5  -2.01  -0.14   4.16
  79.8   10.0  -2.21  -0.29   4.42
  79.8   10.5  -2.46  -0.44   4.71
  79.8   11.0  -2.79  -0.58   5.03
  79.8   11.5  -3.25  -0.73   5.43
  79.8   12.0  -3.36  -0.87   5.64
  79.8   12.5  -3.33  -1.01   5.78
  79.8   13.0  -3.26  -1.15   5.89
  79.8   13.5  -3.27  -1.29   6.05
  79.8   14.0  -3.37  -1.42   6.25
  79.8   14.5  -3.55  -1.56   6.49
  79.8   15.0  -3.71  -1.68   6.70
  79.8   15.5  -3.97  -1.80   6.96
  79.8   16.0  -4.52  -1.92   7.37
  79.8   16.5  -5.28  -2.03   7.87
  79.8   17.0  -5.69  -2.13   8.19
  79.8   17.5  -5.79  -2.24   8.36
  79.8   18.0  -5.32  -2.33   8.22
  79.8   18.5  -5.45  -2.42   8.39
  79.8   19.0  -6.17  -2.49   8.82
  79.8   19.5  -6.58  -2.57   9.12
  79.8   20.0  -6.66  -2.63   9.22
  79.8   20.5  -6.62  -2.70   9.28
  79.8   21.0  -6.57  -2.75   9.31
  79.8   21.5  -6.56  -2.80   9.36
  79.8   22.0  -6.77  -2.84   9.51
  79.8   22.5  -7.25  -2.88   9.79
  79.8   23.0  -7.71  -2.90  10.04
  79.8   23.5  -7.92  -2.93  10.18
  79.8   24.0  -7.96  -2.95  10.23
  79.8   24.5  -7.87  -2.96  10.19
  79.8   25.0  -7.67  -2.97  10.10
  79.8   25.5  -7.34  -2.98   9.95
  79.8   26.0  -6.84  -2.98   9.70
  79.8   26.5  -6.07  -2.98   9.31
  79.8   27.0  -4.82  -2.97   8.68
  79.8   27.5  -3.62  -2.96   8.07
  79.8   28.0  -2.99  -2.95   7.74
  79.9    9.5  -1.90  -0.05   4.00
  79.9   10.0  -2.06  -0.19   4.24
  79.9   10.5  -2.23  -0.33   4.48
  79.9   11.0  -2.43  -0.47   4.73
  79.9   11.5  -2.62  -0.61   4.98
  79.9   12.0  -2.75  -0.75   5.20
  79.9   12.5  -2.83  -0.89   5.39
  79.9   13.0  -2.89  -1.02   5.57
  79.9   13.5  -2.97  -1.16   5.76
  79.9   14.0  -3.07  -1.29   5.95
  79.9   14.5  -3.20  -1.41   6.15
  79.9   15.0  -3.36  -1.53   6.36
  79.9   15.5  -3.56  -1.65   6.59
  79.9   16.0  -3.86  -1.76   6.87
  79.9   16.5  -4.26  -1.87   7.19
  79.9   17.0  -4.47  -1.97   7.40
  79.9   17.5  -4.54  -2.07   7.55
  79.9   18.0  -4.61  -2.16   7.68
  79.9   18.5  -5.05  -2.25   8.00
  79.9   19.0  -5.95  -2.32   8.53
  79.9   19.5  -6.71  -2.40   9.00
  79.9   20.0  -7.08  -2.46   9.25
  79.9   20.5  -7.22  -2.52   9.38
  79.9   21.0  -7.22  -2.57   9.44
  79.9   21.5  -7.09  -2.62   9.43
  79.9   22.0  -6.65  -2.66   9.25
  79.9   22.5  -6.29  -2.70   9.12
  79.9   23.0  -6.96  -2.73   9.48
  79.9   23.5  -7.49  -2.75   9.77
  79.9   24.0  -7.66  -2.77   9.88
  79.9   24.5  -7.65  -2.79   9.89
  79.9   25.0  -7.52  -2.80   9.84
  79.9   25.5  -7.26  -2.80   9.71
  79.9   26.0  -6.86  -2.81   9.52
  79.9   26.5  -6.25  -2.81   9.22
  79.9   27.0  -5.17  -2.80   8.66
  79.9   27.5  -3.75  -2.80   7.96
  79.9   28.0  -3.04  -2.79   7.59
  80.0    9.5  -1.80   0.03   3.87
  80.0   10.0  -1.92  -0.10   4.07
  80.0   10.5  -2.05  -0.23   4.28
  80.0   11.0  -2.19  -0.37   4.50
  80.0   11.5  -2.32  -0.50   4.71
  80.0   12.0  -2.44  -0.63   4.91
  80.0   12.5  -2.54  -0.77   5.12
  80.0   13.0  -2.63  -0.90   5.30
  80.0   13.5  -2.72  -1.02   5.48
  80.0   14.0  -2.82  -1.15   5.67
  80.0   14.5  -2.93  -1.27   5.86
  80.0   15.0  -3.06  -1.38   6.05
  80.0   15.5  -3.22  -1.50   6.26
  80.0   16.0  -3.41  -1.61   6.48
  80.0   16.5  -3.61  -1.71   6.69
  80.0   17.0  -3.75  -1.81   6.87
  80.0   17.5  -3.89  -1.91   7.05
  80.0   18.0  -4.08  -1.99   7.23
  80.0   18.5  -4.41  -2.08   7.49
  80.0   19.0  -5.04  -2.15   7.88
  80.0   19.5  -6.13  -2.22   8.51
  80.0   20.0  -6.84  -2.28   8.93
  80.0   20.5  -7.09  -2.34   9.12
  80.0   21.0  -7.08  -2.39   9.17
  80.0   21.5  -6.82  -2.44   9.09
  80.0   22.0  -6.18  -2.48   8.82
  80.0   22.5  -5.58  -2.52   8.56
  80.0   23.0  -5.91  -2.55   8.76
  80.0   23.5  -6.77  -2.58   9.22
  80.0   24.0  -7.12  -2.59   9.41
  80.0   24.5  -7.21  -2.61   9.48
  80.0   25.0  -7.15  -2.62   9.46
  80.0   25.5  -6.95  -2.63   9.37
  80.0   26.0  -6.60  -2.63   9.19
  80.0   26.5  -6.03  -2.64   8.92
  80.0   27.0  -4.95  -2.63   8.37
  80.0   27.5  -3.65  -2.63   7.72
  80.0   28.0  -3.03  -2.62   7.40
  80.1    9.5  -1.70   0.12   3.72
  80.1   10.0  -1.80  -0.00   3.90
  80.1   10.5  -1.91  -0.13   4.10
  80.1   11.0  -2.02  -0.26   4.30
  80.1   11.5  -2.13  -0.39   4.49
  80.1   12.0  -2.23  -0.52   4.69
  80.1   12.5  -2.32  -0.64   4.86
  80.1   13.0  -2.41  -0.77   5.05
  80.1   13.5  -2.50  -0.89   5.23
  80.1   14.0  -2.60  -1.01   5.41
  80.1   14.5  -2.70  -1.13   5.59
  80.1   15.0  -2.81  -1.24   5.77
  80.1   15.5  -2.94  -1.35   5.96
  80.1   16.0  -3.07  -1.45   6.13
  80.1   16.5  -3.20  -1.55   6.31
  80.1   17.0  -3.34  -1.65   6.48
  80.1   17.5  -3.48  -1.74   6.65
  80.1   18.0  -3.66  -1.82   6.83
  80.1   18.5  -3.93  -1.91   7.07
  80.1   19.0  -4.39  -1.98   7.37
  80.1   19.5  -5.33  -2.05   7.92
  80.1   20.0  -6.22  -2.11   8.43
  80.1   20.5  -6.54  -2.17   8.66
  80.1   21.0  -6.45  -2.22   8.67
  80.1   21.5  -5.90  -2.27   8.45
  80.1   22.0  -5.14  -2.31   8.11
  80.1   22.5  -5.00  -2.34   8.07
  80.1   23.0  -5.07  -2.37   8.14
  80.1   23.5  -5.51  -2.40   8.39
  80.1   24.0  -6.06  -2.42   8.69
  80.1   24.5  -6.36  -2.44   8.86
  80.1   25.0  -6.45  -2.45   8.92
  80.1   25.5  -6.25  -2.46   8.83
  80.1   26.0  -5.89  -2.46   8.65
  80.1   26.5  -5.38  -2.47   8.41
  80.1   27.0  -4.33  -2.47   7.88
  80.1   27.5  -3.36  -2.46   7.39
  80.1   28.0  -2.99  -2.46   7.20
  80.2    9.5  -1.61   0.21   3.57
  80.2   10.0  -1.70   0.09   3.75
  80.2   10.5  -1.79  -0.03   3.93
  80.2   11.0  -1.88  -0.15   4.11
  80.2   11.5  -1.97  -0.28   4.29
  80.2   12.0  -2.06  -0.40   4.47
  80.2   12.5  -2.15  -0.52   4.65
  80.2   13.0  -2.23  -0.64   4.82
  80.2   13.5  -2.32  -0.76   5.00
  80.2   14.0  -2.41  -0.87   5.16
  80.2   14.5  -2.50  -0.98   5.33
  80.2   15.0  -2.60  -1.09   5.50
  80.2   15.5  -2.70  -1.20   5.67
  80.2   16.0  -2.80  -1.30   5.83
  80.2   16.5  -2.91  -1.39   5.98
  80.2   17.0  -3.03  -1.48   6.14
  80.2   17.5  -3.16  -1.57   6.31
  80.2   18.0  -3.31  -1.65   6.47
  80.2   18.5  -3.52  -1.73   6.66
  80.2   19.0  -3.82  -1.80   6.89
  80.2   19.5  -4.31  -1.87   7.21
  80.2   20.0  -5.19  -1.93   7.72
  80.2   20.5  -5.51  -1.99   7.94
  80.2   21.0  -5.15  -2.04   7.82
  80.2   21.5  -4.66  -2.09   7.63
  80.2   22.0  -4.32  -2.13   7.50
  80.2   22.5  -4.24  -2.17   7.51
  80.2   23.0  -4.25  -2.19   7.53
  80.2   23.5  -4.36  -2.22   7.62
  80.2   24.0  -4.58  -2.24   7.75
  80.2   24.5  -4.82  -2.26   7.90
  80.2   25.0  -5.18  -2.27   8.09
  80.2   25.5  -4.79  -2.29   7.91
  80.2   26.0  -4.36  -2.29   7.70
  80.2   26.5  -3.98  -2.30   7.52
  80.2   27.0  -3.42  -2.30   7.24
  80.2   27.5  -2.95  -2.30   7.00
  80.2   28.0  -2.63  -2.29   6.83
  80.3    9.5  -1.52   0.30   3.43
  80.3   10.0  -1.60   0.18   3.60
  80.3   10.5  -1.68   0.07   3.76
  80.3   11.0  -1.76  -0.05   3.94
  80.3   11.5  -1.84  -0.16   4.10
  80.3   12.0  -1.92  -0.28   4.27
  80.3   12.5  -2.00  -0.40   4.44
  80.3   13.0  -2.08  -0.51   4.60
  80.3   13.5  -2.16  -0.62   4.76
  80.3   14.0  -2.24  -0.73   4.92
  80.3   14.5  -2.32  -0.84   5.08
  80.3   15.0  -2.40  -0.94   5.23
  80.3   15.5  -2.49  -1.04   5.39
  80.3   16.0  -2.58  -1.14   5.54
  80.3   16.5  -2.67  -1.24   5.70
  80.3   17.0  -2.77  -1.32   5.84
  80.3   17.5  -2.88  -1.41   5.99
  80.3   18.0  -3.01  -1.49   6.14
  80.3   18.5  -3.16  -1.56   6.30
  80.3   19.0  -3.36  -1.63   6.47
  80.3   19.5  -3.63  -1.70   6.69
  80.3   20.0  -4.01  -1.76   6.94
  80.3   20.5  -4.08  -1.82   7.04
  80.3   21.0  -3.93  -1.86   7.01
  80.3   21.5  -3.80  -1.91   7.00
  80.3   22.0  -3.71  -1.95   7.00
  80.3   22.5  -3.69  -1.99   7.03
  80.3   23.0  -3.72  -2.02   7.08
  80.3   23.5  -3.68  -2.05   7.09
  80.3   24.0  -3.69  -2.07   7.12
  80.3   24.5  -3.73  -2.09   7.16
  80.3   25.0  -3.73  -2.10   7.18
  80.3   25.5  -3.58  -2.11   7.11
  80.3   26.0  -3.36  -2.12   7.01
  80.3   26.5  -3.12  -2.13   6.90
  80.3   27.0  -2.86  -2.13   6.77
  80.3   27.5  -2.61  -2.13   6.65
  80.3   28.0  -2.39  -2.13   6.54
  80.4    9.5  -1.45   0.39   3.30
  80.4   10.0  -1.51   0.28   3.45
  80.4   10.5  -1.58   0.17   3.60
  80.4   11.0  -1.66   0.06   3.76
  80.4   11.5  -1.73  -0.05   3.92
  80.4   12.0  -1.80  -0.16   4.08
  80.4   12.5  -1.87  -0.27   4.23
  80.4   13.0  -1.94  -0.38   4.39
  80.4   13.5  -2.01  -0.49   4.54
  80.4   14.0  -2.08  -0.59   4.69
  80.4   14.5  -2.16  -0.70   4.85
  80.4   15.0  -2.23  -0.79   4.98
  80.4   15.5  -2.31  -0.89   5.13
  80.4   16.0  -2.38  -0.98   5.27
  80.4   16.5  -2.47  -1.08   5.42
  80.4   17.0  -2.55  -1.16   5.55
  80.4   17.5  -2.64  -1.24   5.68
  80.4   18.0  -2.74  -1.32   5.82
  80.4   18.5  -2.85  -1.39   5.95
  80.4   19.0  -2.99  -1.46   6.10
  80.4   19.5  -3.20  -1.53   6.28
  80.4   20.0  -3.35  -1.58   6.41
  80.4   20.5  -3.33  -1.64   6.47
  80.4   21.0  -3.29  -1.69   6.50
  80.4   21.5  -3.26  -1.73   6.53
  80.4   22.0  -3.24  -1.77   6.57
  80.4   22.5  -3.28  -1.81   6.63
  80.4   23.0  -3.32  -1.84   6.68
  80.4   23.5  -3.23  -1.87   6.67
  80.4   24.0  -3.16  -1.89   6.66
  80.4   24.5  -3.12  -1.91   6.66
  80.4   25.0  -3.06  -1.93   6.65
  80.4   25.5  -2.96  -1.94   6.61
  80.4   26.0  -2.83  -1.95   6.56
  80.4   26.5  -2.68  -1.96   6.50
  80.4   27.0  -2.51  -1.96   6.41
  80.4   27.5  -2.35  -1.96   6.33
  80.4   28.0  -2.19  -1.96   6.25
  80.5    9.5  -1.37   0.48   3.16
  80.5   10.0  -1.43   0.37   3.31
  80.5   10.5  -1.50   0.27   3.45
  80.5   11.0  -1.56   0.17   3.59
  80.5   11.5  -1.62   0.06   3.74
  80.5   12.0  -1.69  -0.04   3.89
  80.5   12.5  -1.75  -0.15   4.04
  80.5   13.0  -1.81  -0.25   4.18
  80.5   13.5  -1.88  -0.35   4.33
  80.5   14.0  -1.94  -0.45   4.46
  80.5   14.5  -2.01  -0.55   4.61
  80.5   15.0  -2.07  -0.65   4.75
  80.5   15.5  -2.14  -0.74   4.88
  80.5   16.0  -2.21  -0.83   5.02
  80.5   16.5  -2.28  -0.92   5.15
  80.5   17.0  -2.35  -1.00   5.28
  80.5   17.5  -2.42  -1.08   5.40
  80.5   18.0  -2.50  -1.15   5.51
  80.5   18.5  -2.58  -1.22   5.63
  80.5   19.0  -2.68  -1.29   5.76
  80.5   19.5  -2.78  -1.35   5.88
  80.5   20.0  -2.85  -1.41   5.98
  80.5   20.5  -2.87  -1.46   6.04
  80.5   21.0  -2.87  -1.51   6.10
  80.5   21.5  -2.87  -1.56   6.15
  80.5   22.0  -2.86  -1.60   6.19
  80.5   22.5  -2.86  -1.63   6.22
  80.5   23.0  -2.86  -1.66   6.26
  80.5   23.5  -2.82  -1.69   6.27
  80.5   24.0  -2.77  -1.72   6.28
  80.5   24.5  -2.72  -1.74   6.27
  80.5   25.0  -2.66  -1.75   6.26
  80.5   25.5  -2.58  -1.77   6.24
  80.5   26.0  -2.49  -1.78   6.20
  80.5   26.5  -2.38  -1.79   6.16
  80.5   27.0  -2.26  -1.79   6.10
  80.5   27.5  -2.14  -1.80   6.05
  80.5   28.0  -2.02  -1.80   5.99
  80.6    9.5  -1.31   0.58   3.02
  80.6   10.0  -1.36   0.48   3.15
  80.6   10.5  -1.42   0.38   3.29
  80.6   11.0  -1.47   0.28   3.43
  80.6   11.5  -1.53   0.19   3.56
  80.6   12.0  -1.59   0.09   3.70
  80.6   12.5  -1.64  -0.01   3.83
  80.6   13.0  -1.70  -0.11   3.97
  80.6   13.5  -1.76  -0.21   4.11
  80.6   14.0  -1.82  -0.30   4.24
  80.6   14.5  -1.87  -0.40   4.38
  80.6   15.0  -1.93  -0.49   4.50
  80.6   15.5  -1.99  -0.58   4.63
  80.6   16.0  -2.05  -0.66   4.75
  80.6   16.5  -2.11  -0.75   4.88
  80.6   17.0  -2.17  -0.83   5.00
  80.6   17.5  -2.23  -0.90   5.11
  80.6   18.0  -2.29  -0.97   5.21
  80.6   18.5  -2.35  -1.04   5.32
  80.6   19.0  -2.41  -1.11   5.43
  80.6   19.5  -2.47  -1.17   5.52
  80.6   20.0  -2.51  -1.22   5.60
  80.6   20.5  -2.54  -1.28   5.68
  80.6   21.0  -2.56  -1.32   5.73
  80.6   21.5  -2.56  -1.37   5.79
  80.6   22.0  -2.56  -1.41   5.83
  80.6   22.5  -2.55  -1.44   5.86
  80.6   23.0  -2.54  -1.47   5.89
  80.6   23.5  -2.51  -1.50   5.91
  80.6   24.0  -2.47  -1.53   5.92
  80.6   24.5  -2.43  -1.55   5.92
  80.6   25.0  -2.37  -1.57   5.91
  80.6   25.5  -2.31  -1.58   5.89
  80.6   26.0  -2.23  -1.59   5.86
  80.6   26.5  -2.15  -1.60   5.83
  80.6   27.0  -2.06  -1.61   5.80
  80.6   27.5  -1.96  -1.62   5.76
  80.6   28.0  -1.87  -1.62   5.72
  80.7    9.5  -1.24   0.68   2.87
  80.7   10.0  -1.29   0.59   3.00
  80.7   10.5  -1.34   0.50   3.12
  80.7   11.0  -1.39   0.40   3.25
  80.7   11.5  -1.44   0.31   3.38
  80.7   12.0  -1.49   0.21   3.51
  80.7   12.5  -1.54   0.12   3.64
  80.7   13.0  -1.60   0.03   3.77
  80.7   13.5  -1.65  -0.07   3.90
  80.7   14.0  -1.70  -0.16   4.03
  80.7   14.5  -1.75  -0.25   4.15
  80.7   15.0  -1.80  -0.33   4.26
  80.7   15.5  -1.85  -0.42   4.39
  80.7   16.0  -1.90  -0.50   4.50
  80.7   16.5  -1.95  -0.58   4.61
  80.7   17.0  -2.01  -0.65   4.72
  80.7   17.5  -2.06  -0.73   4.83
  80.7   18.0  -2.10  -0.80   4.93
  80.7   18.5  -2.15  -0.86   5.02
  80.7   19.0  -2.20  -0.92   5.11
  80.7   19.5  -2.24  -0.99   5.21
  80.7   20.0  -2.27  -1.04   5.28
  80.7   20.5  -2.29  -1.09   5.34
  80.7   21.0  -2.31  -1.13   5.40
  80.7   21.5  -2.31  -1.18   5.45
  80.7   22.0  -2.31  -1.22   5.50
  80.7   22.5  -2.30  -1.25   5.53
  80.7   23.0  -2.28  -1.28   5.55
  80.7   23.5  -2.26  -1.31   5.57
  80.7   24.0  -2.23  -1.34   5.59
  80.7   24.5  -2.19  -1.36   5.59
  80.7   25.0  -2.14  -1.38   5.59
  80.7   25.5  -2.09  -1.39   5.57
  80.7   26.0  -2.03  -1.41   5.57
  80.7   26.5  -1.96  -1.42   5.54
  80.7   27.0  -1.89  -1.43   5.52
  80.7   27.5  -1.81  -1.44   5.49
  80.7   28.0  -1.74  -1.44   5.45
  80.8    9.5  -1.18   0.78   2.73
  80.8   10.0  -1.23   0.70   2.84
  80.8   10.5  -1.27   0.61   2.96
  80.8   11.0  -1.32   0.52   3.09
  80.8   11.5  -1.36   0.43   3.21
  80.8   12.0  -1.41   0.34   3.33
  80.8   12.5  -1.45   0.26   3.44
  80.8   13.0  -1.50   0.17   3.56
  80.8   13.5  -1.55   0.08   3.69
  80.8   14.0  -1.59  -0.01   3.81
  80.8   14.5  -1.64  -0.09   3.92
  80.8   15.0  -1.68  -0.17   4.03
  80.8   15.5  -1.73  -0.26   4.15
  80.8   16.0  -1.77  -0.33   4.25
  80.8   16.5  -1.82  -0.41   4.36
  80.8   17.0  -1.86  -0.48   4.46
  80.8   17.5  -1.90  -0.55   4.55
  80.8   18.0  -1.94  -0.62   4.65
  80.8   18.5  -1.98  -0.68   4.74
  80.8   19.0  -2.01  -0.74   4.82
  80.8   19.5  -2.04  -0.80   4.90
  80.8   20.0  -2.07  -0.85   4.97
  80.8   20.5  -2.08  -0.90   5.03
  80.8   21.0  -2.09  -0.95   5.09
  80.8   21.5  -2.10  -0.99   5.14
  80.8   22.0  -2.10  -1.03   5.18
  80.8   22.5  -2.09  -1.06   5.21
  80.8   23.0  -2.07  -1.09   5.23
  80.8   23.5  -2.05  -1.12   5.26
  80.8   24.0  -2.03  -1.15   5.28
  80.8   24.5  -1.99  -1.17   5.28
  80.8   25.0  -1.95  -1.19   5.28
  80.8   25.5  -1.91  -1.21   5.29
  80.8   26.0  -1.86  -1.22   5.27
  80.8   26.5  -1.80  -1.23   5.25
  80.8   27.0  -1.74  -1.24   5.23
  80.8   27.5  -1.68  -1.25   5.21
  80.8   28.0  -1.62  -1.26   5.20
  80.9    9.5  -1.13   0.89   2.59
  80.9   10.0  -1.17   0.81   2.69
  80.9   10.5  -1.21   0.72   2.81
  80.9   11.0  -1.25   0.64   2.92
  80.9   11.5  -1.29   0.56   3.03
  80.9   12.0  -1.33   0.47   3.15
  80.9   12.5  -1.37   0.39   3.26
  80.9   13.0  -1.41   0.31   3.36
  80.9   13.5  -1.45   0.22   3.48
  80.9   14.0  -1.49   0.14   3.59
  80.9   14.5  -1.53   0.06   3.70
  80.9   15.0  -1.57  -0.02   3.81
  80.9   15.5  -1.61  -0.09   3.90
  80.9   16.0  -1.65  -0.17   4.01
  80.9   16.5  -1.69  -0.24   4.11
  80.9   17.0  -1.72  -0.31   4.20
  80.9   17.5  -1.76  -0.38   4.30
  80.9   18.0  -1.79  -0.44   4.38
  80.9   18.5  -1.82  -0.50   4.46
  80.9   19.0  -1.85  -0.56   4.54
  80.9   19.5  -1.87  -0.62   4.62
  80.9   20.0  -1.89  -0.67   4.68
  80.9   20.5  -1.91  -0.72   4.75
  80.9   21.0  -1.91  -0.76   4.79
  80.9   21.5  -1.92  -0.80   4.84
  80.9   22.0  -1.92  -0.84   4.88
  80.9   22.5  -1.91  -0.87   4.91
  80.9   23.0  -1.90  -0.90   4.94
  80.9   23.5  -1.88  -0.93   4.96
  80.9   24.0  -1.85  -0.96   4.98
  80.9   24.5  -1.82  -0.98   4.99
  80.9   25.0  -1.79  -1.00   5.00
  80.9   25.5  -1.75  -1.02   5.00
  80.9   26.0  -1.71  -1.04   5.00
  80.9   26.5  -1.66  -1.05   4.99
  80.9   27.0  -1.61  -1.06   4.97
  80.9   27.5  -1.56  -1.07   4.96
  80.9   28.0  -1.51  -1.08   4.94
  81.0    9.5  -1.07   0.99   2.45
  81.0   10.0  -1.11   0.91   2.55
  81.0   10.5  -1.15   0.84   2.65
  81.0   11.0  -1.18   0.76   2.75
  81.0   11.5  -1.22   0.68   2.86
  81.0   12.0  -1.26   0.60   2.97
  81.0   12.5  -1.29   0.52   3.07
  81.0   13.0  -1.33   0.45   3.17
  81.0   13.5  -1.37   0.37   3.28
  81.0   14.0  -1.40   0.29   3.38
  81.0   14.5  -1.44   0.21   3.49
  81.0   15.0  -1.47   0.14   3.58
  81.0   15.5  -1.51   0.07   3.68
  81.0   16.0  -1.54  -0.00   3.77
  81.0   16.5  -1.57  -0.07   3.86
  81.0   17.0  -1.60  -0.14   3.95
  81.0   17.5  -1.63  -0.20   4.04
  81.0   18.0  -1.66  -0.26   4.12
  81.0   18.5  -1.68  -0.32   4.19
  81.0   19.0  -1.71  -0.38   4.27
  81.0   19.5  -1.73  -0.43   4.34
  81.0   20.0  -1.74  -0.48   4.40
  81.0   20.5  -1.75  -0.53   4.46
  81.0   21.0  -1.76  -0.57   4.51
  81.0   21.5  -1.76  -0.61   4.55
  81.0   22.0  -1.76  -0.65   4.60
  81.0   22.5  -1.75  -0.68   4.62
  81.0   23.0  -1.74  -0.71   4.65
  81.0   23.5  -1.72  -0.74   4.67
  81.0   24.0  -1.70  -0.77   4.70
  81.0   24.5  -1.68  -0.79   4.71
  81.0   25.0  -1.65  -0.81   4.72
  81.0   25.5  -1.62  -0.83   4.72
  81.0   26.0  -1.58  -0.85   4.72
  81.0   26.5  -1.54  -0.87   4.73
  81.0   27.0  -1.50  -0.88   4.72
  81.0   27.5  -1.45  -0.89   4.70
  81.0   28.0  -1.41  -0.90   4.70
  81.1    9.5  -1.02   1.09   2.31
  81.1   10.0  -1.06   1.02   2.41
  81.1   10.5  -1.09   0.95   2.50
  81.1   11.0  -1.12   0.88   2.59
  81.1   11.5  -1.15   0.81   2.68
  81.1   12.0  -1.19   0.73   2.79
  81.1   12.5  -1.22   0.66   2.88
  81.1   13.0  -1.25   0.59   2.98
  81.1   13.5  -1.29   0.51   3.08
  81.1   14.0  -1.32   0.44   3.18
  81.1   14.5  -1.35   0.37   3.27
  81.1   15.0  -1.38   0.30   3.36
  81.1   15.5  -1.41   0.23   3.45
  81.1   16.0  -1.44   0.16   3.54
  81.1   16.5  -1.47   0.10   3.62
  81.1   17.0  -1.49   0.03   3.71
  81.1   17.5  -1.52  -0.03   3.79
  81.1   18.0  -1.54  -0.09   3.87
  81.1   18.5  -1.56  -0.14   3.93
  81.1   19.0  -1.58  -0.20   4.01
  81.1   19.5  -1.60  -0.25   4.08
  81.1   20.0  -1.61  -0.30   4.13
  81.1   20.5  -1.62  -0.34   4.18
  81.1   21.0  -1.62  -0.38   4.23
  81.1   21.5  -1.62  -0.42   4.27
  81.1   22.0  -1.62  -0.46   4.32
  81.1   22.5  -1.61  -0.49   4.34
  81.1   23.0  -1.60  -0.53   4.38
  81.1   23.5  -1.59  -0.56   4.41
  81.1   24.0  -1.57  -0.58   4.42
  81.1   24.5  -1.55  -0.61   4.45
  81.1   25.0  -1.52  -0.63   4.45
  81.1   25.5  -1.50  -0.65   4.46
  81.1   26.0  -1.46  -0.66   4.46
  81.1   26.5  -1.43  -0.68   4.46
  81.1   27.0  -1.40  -0.70   4.47
  81.1   27.5  -1.36  -0.71   4.46
  81.1   28.0  -1.32  -0.72   4.45
  81.2    9.5  -0.98   1.19   2.18
  81.2   10.0  -1.01   1.13   2.26
  81.2   10.5  -1.04   1.06   2.35
  81.2   11.0  -1.07   1.00   2.44
  81.2   11.5  -1.09   0.93   2.52
  81.2   12.0  -1.12   0.86   2.61
  81.2   12.5  -1.15   0.79   2.71
  81.2   13.0  -1.18   0.72   2.80
  81.2   13.5  -1.21   0.66   2.88
  81.2   14.0  -1.24   0.59   2.97
  81.2   14.5  -1.27   0.52   3.06
  81.2   15.0  -1.29   0.46   3.14
  81.2   15.5  -1.32   0.39   3.23
  81.2   16.0  -1.35   0.33   3.31
  81.2   16.5  -1.37   0.26   3.40
  81.2   17.0  -1.39   0.21   3.46
  81.2   17.5  -1.41   0.15   3.54
  81.2   18.0  -1.43   0.09   3.62
  81.2   18.5  -1.45   0.04   3.68
  81.2   19.0  -1.47  -0.01   3.75
  81.2   19.5  -1.48  -0.06   3.81
  81.2   20.0  -1.49  -0.11   3.87
  81.2   20.5  -1.50  -0.15   3.92
  81.2   21.0  -1.50  -0.19   3.96
  81.2   21.5  -1.50  -0.23   4.00
  81.2   22.0  -1.50  -0.27   4.05
  81.2   22.5  -1.49  -0.31   4.09
  81.2   23.0  -1.48  -0.34   4.11
  81.2   23.5  -1.47  -0.37   4.14
  81.2   24.0  -1.45  -0.39   4.15
  81.2   24.5  -1.43  -0.42   4.18
  81.2   25.0  -1.41  -0.44   4.19
  81.2   25.5  -1.39  -0.46   4.20
  81.2   26.0  -1.36  -0.48   4.21
  81.2   26.5  -1.33  -0.50   4.21
  81.2   27.0  -1.30  -0.51   4.21
  81.2   27.5  -1.27  -0.53   4.22
  81.2   28.0  -1.24  -0.54   4.21
  81.3    9.5  -0.93   1.30   2.04
  81.3   10.0  -0.96   1.24   2.12
  81.3   10.5  -0.99   1.18   2.20
  81.3   11.0  -1.01   1.12   2.27
  81.3   11.5  -1.04   1.05   2.36
  81.3   12.0  -1.07   0.99   2.45
  81.3   12.5  -1.09   0.93   2.52
  81.3   13.0  -1.12   0.86   2.61
  81.3   13.5  -1.14   0.80   2.69
  81.3   14.0  -1.17   0.74   2.77
  81.3   14.5  -1.19   0.67   2.86
  81.3   15.0  -1.22   0.61   2.94
  81.3   15.5  -1.24   0.55   3.01
  81.3   16.0  -1.26   0.49   3.09
  81.3   16.5  -1.28   0.43   3.17
  81.3   17.0  -1.30   0.38   3.23
  81.3   17.5  -1.32   0.32   3.31
  81.3   18.0  -1.34   0.27   3.37
  81.3   18.5  -1.35   0.22   3.43
  81.3   19.0  -1.36   0.17   3.49
  81.3   19.5  -1.37   0.12   3.55
  81.3   20.0  -1.38   0.08   3.60
  81.3   20.5  -1.39   0.03   3.66
  81.3   21.0  -1.39  -0.01   3.71
  81.3   21.5  -1.39  -0.05   3.75
  81.3   22.0  -1.39  -0.08   3.78
  81.3   22.5  -1.38  -0.12   3.82
  81.3   23.0  -1.37  -0.15   3.85
  81.3   23.5  -1.36  -0.18   3.88
  81.3   24.0  -1.35  -0.20   3.90
  81.3   24.5  -1.33  -0.23   3.92
  81.3   25.0  -1.31  -0.25   3.93
  81.3   25.5  -1.29  -0.27   3.94
  81.3   26.0  -1.27  -0.29   3.95
  81.3   26.5  -1.25  -0.31   3.97
  81.3   27.0  -1.22  -0.33   3.97
  81.3   27.5  -1.19  -0.35   3.98
  81.3   28.0  -1.16  -0.36   3.98
  81.4    9.5  -0.89   1.40   1.91
  81.4   10.0  -0.92   1.34   1.99
  81.4   10.5  -0.94   1.29   2.05
  81.4   11.0  -0.96   1.23   2.13
  81.4   11.5  -0.99   1.18   2.20
  81.4   12.0  -1.01   1.12   2.27
  81.4   12.5  -1.03   1.06   2.35
  81.4   13.0  -1.06   1.00   2.43
  81.4   13.5  -1.08   0.94   2.51
  81.4   14.0  -1.10   0.89   2.57
  81.4   14.5  -1.12   0.83   2.65
  81.4   15.0  -1.14   0.77   2.72
  81.4   15.5  -1.17   0.71   2.80
  81.4   16.0  -1.18   0.66   2.86
  81.4   16.5  -1.20   0.60   2.94
  81.4   17.0  -1.22   0.55   3.00
  81.4   17.5  -1.24   0.50   3.07
  81.4   18.0  -1.25   0.45   3.13
  81.4   18.5  -1.26   0.40   3.19
  81.4   19.0  -1.27   0.35   3.25
  81.4   19.5  -1.28   0.30   3.31
  81.4   20.0  -1.29   0.26   3.36
  81.4   20.5  -1.29   0.22   3.40
  81.4   21.0  -1.29   0.18   3.45
  81.4   21.5  -1.29   0.14   3.49
  81.4   22.0  -1.29   0.11   3.52
  81.4   22.5  -1.29   0.07   3.57
  81.4   23.0  -1.28   0.04   3.60
  81.4   23.5  -1.27   0.01   3.62
  81.4   24.0  -1.26  -0.01   3.64
  81.4   24.5  -1.24  -0.04   3.66
  81.4   25.0  -1.23  -0.06   3.68
  81.4   25.5  -1.21  -0.09   3.70
  81.4   26.0  -1.19  -0.11   3.72
  81.4   26.5  -1.17  -0.13   3.73
  81.4   27.0  -1.14  -0.15   3.73
  81.4   27.5  -1.12  -0.17   3.75
  81.4   28.0  -1.09  -0.18   3.74
  81.5    9.5  -0.85   1.50   1.77
  81.5   10.0  -0.87   1.45   1.84
  81.5   10.5  -0.90   1.40   1.91
  81.5   11.0  -0.92   1.35   1.97
  81.5   11.5  -0.94   1.30   2.04
  81.5   12.0  -0.96   1.25   2.10
  81.5   12.5  -0.98   1.20   2.17
  81.5   13.0  -1.00   1.14   2.25
  81.5   13.5  -1.02   1.09   2.31
  81.5   14.0  -1.04   1.03   2.39
  81.5   14.5  -1.06   0.98   2.45
  81.5   15.0  -1.08   0.93   2.52
  81.5   15.5  -1.10   0.87   2.59
  81.5   16.0  -1.11   0.82   2.65
  81.5   16.5  -1.13   0.77   2.72
  81.5   17.0  -1.14   0.72   2.78
  81.5   17.5  -1.16   0.67   2.84
  81.5   18.0  -1.17   0.62   2.90
  81.5   18.5  -1.18   0.58   2.95
  81.5   19.0  -1.19   0.53   3.01
  81.5   19.5  -1.20   0.49   3.06
  81.5   20.0  -1.20   0.45   3.10
  81.5   20.5  -1.20   0.41   3.15
  81.5   21.0  -1.21   0.37   3.20
  81.5   21.5  -1.21   0.33   3.24
  81.5   22.0  -1.20   0.30   3.27
  81.5   22.5  -1.20   0.26   3.31
  81.5   23.0  -1.19   0.23   3.34
  81.5   23.5  -1.18   0.20   3.37
  81.5   24.0  -1.17   0.18   3.39
  81.5   24.5  -1.16   0.15   3.42
  81.5   25.0  -1.15   0.12   3.44
  81.5   25.5  -1.13   0.10   3.46
  81.5   26.0  -1.11   0.08   3.47
  81.5   26.5  -1.09   0.06   3.48
  81.5   27.0  -1.07   0.04   3.49
  81.5   27.5  -1.05   0.02   3.50
  81.5   28.0  -1.03  -0.00   3.52
  81.6    9.5  -0.82   1.58   1.67
  81.6   10.0  -0.83   1.54   1.72
  81.6   10.5  -0.85   1.49   1.79
  81.6   11.0  -0.87   1.45   1.84
  81.6   11.5  -0.89   1.40   1.91
  81.6   12.0  -0.91   1.35   1.97
  81.6   12.5  -0.93   1.30   2.04
  81.6   13.0  -0.95   1.25   2.10
  81.6   13.5  -0.97   1.20   2.17
  81.6   14.0  -0.98   1.15   2.23
  81.6   14.5  -1.00   1.10   2.29
  81.6   15.0  -1.02   1.05   2.35
  81.6   15.5  -1.03   1.00   2.42
  81.6   16.0  -1.05   0.95   2.48
  81.6   16.5  -1.06   0.90   2.54
  81.6   17.0  -1.07   0.85   2.60
  81.6   17.5  -1.09   0.80   2.67
  81.6   18.0  -1.10   0.76   2.71
  81.6   18.5  -1.11   0.71   2.77
  81.6   19.0  -1.11   0.67   2.82
  81.6   19.5  -1.12   0.63   2.87
  81.6   20.0  -1.12   0.59   2.91
  81.6   20.5  -1.13   0.55   2.96
  81.6   21.0  -1.13   0.51   3.00
  81.6   21.5  -1.13   0.48   3.04
  81.6   22.0  -1.12   0.45   3.06
  81.6   22.5  -1.12   0.41   3.11
  81.6   23.0  -1.11   0.38   3.14
  81.6   23.5  -1.11   0.35   3.17
  81.6   24.0  -1.10   0.33   3.19
  81.6   24.5  -1.09   0.30   3.21
  81.6   25.0  -1.07   0.27   3.24
  81.6   25.5  -1.06   0.25   3.25
  81.6   26.0  -1.04   0.23   3.27
  81.6   26.5  -1.03   0.21   3.28
  81.6   27.0  -1.01   0.18   3.31
  81.6   27.5  -0.99   0.16   3.32
  81.6   28.0  -0.97   0.15   3.32
  81.7    9.5  -0.78   1.66   1.56
  81.7   10.0  -0.80   1.62   1.62
  81.7   10.5  -0.82   1.58   1.67
  81.7   11.0  -0.83   1.54   1.72
  81.7   11.5  -0.85   1.49   1.79
  81.7   12.0  -0.87   1.45   1.84
  81.7   12.5  -0.88   1.40   1.90
  81.7   13.0  -0.90   1.36   1.95
  81.7   13.5  -0.92   1.31   2.02
  81.7   14.0  -0.93   1.26   2.08
  81.7   14.5  -0.95   1.21   2.14
  81.7   15.0  -0.96   1.17   2.19
  81.7   15.5  -0.98   1.12   2.26
  81.7   16.0  -0.99   1.07   2.32
  81.7   16.5  -1.00   1.03   2.37
  81.7   17.0  -1.01   0.98   2.43
  81.7   17.5  -1.02   0.94   2.48
  81.7   18.0  -1.03   0.89   2.54
  81.7   18.5  -1.04   0.85   2.58
  81.7   19.0  -1.04   0.81   2.63
  81.7   19.5  -1.05   0.77   2.68
  81.7   20.0  -1.05   0.73   2.72
  81.7   20.5  -1.06   0.69   2.77
  81.7   21.0  -1.06   0.66   2.80
  81.7   21.5  -1.06   0.62   2.85
  81.7   22.0  -1.05   0.59   2.88
  81.7   22.5  -1.05   0.56   2.91
  81.7   23.0  -1.04   0.53   2.94
  81.7   23.5  -1.04   0.50   2.97
  81.7   24.0  -1.03   0.47   3.00
  81.7   24.5  -1.02   0.45   3.02
  81.7   25.0  -1.01   0.42   3.04
  81.7   25.5  -1.00   0.40   3.06
  81.7   26.0  -0.98   0.38   3.07
  81.7   26.5  -0.97   0.35   3.10
  81.7   27.0  -0.95   0.33   3.11
  81.7   27.5  -0.94   0.31   3.13
  81.7   28.0  -0.92   0.29   3.14
  81.8    9.5  -0.75   1.74   1.46
  81.8   10.0  -0.76   1.71   1.50
  81.8   10.5  -0.78   1.67   1.55
  81.8   11.0  -0.79   1.63   1.60
  81.8   11.5  -0.81   1.59   1.66
  81.8   12.0  -0.83   1.55   1.71
  81.8   12.5  -0.84   1.50   1.77
  81.8   13.0  -0.86   1.46   1.82
  81.8   13.5  -0.87   1.42   1.87
  81.8   14.0  -0.88   1.37   1.93
  81.8   14.5  -0.90   1.33   1.99
  81.8   15.0  -0.91   1.28   2.05
  81.8   15.5  -0.92   1.24   2.10
  81.8   16.0  -0.93   1.20   2.15
  81.8   16.5  -0.94   1.15   2.21
  81.8   17.0  -0.95   1.11   2.25
  81.8   17.5  -0.96   1.07   2.30
  81.8   18.0  -0.97   1.03   2.35
  81.8   18.5  -0.98   0.99   2.40
  81.8   19.0  -0.98   0.95   2.45
  81.8   19.5  -0.99   0.91   2.49
  81.8   20.0  -0.99   0.87   2.54
  81.8   20.5  -0.99   0.84   2.57
  81.8   21.0  -0.99   0.80   2.61
  81.8   21.5  -0.99   0.77   2.65
  81.8   22.0  -0.99   0.74   2.68
  81.8   22.5  -0.99   0.71   2.71
  81.8   23.0  -0.98   0.68   2.74
  81.8   23.5  -0.97   0.65   2.77
  81.8   24.0  -0.97   0.62   2.80
  81.8   24.5  -0.96   0.60   2.82
  81.8   25.0  -0.95   0.57   2.85
  81.8   25.5  -0.94   0.55   2.86
  81.8   26.0  -0.93   0.53   2.88
  81.8   26.5  -0.91   0.50   2.90
  81.8   27.0  -0.90   0.48   2.92
  81.8   27.5  -0.88   0.46   2.93
  81.8   28.0  -0.87   0.44   2.95
  81.9    9.5  -0.72   1.82   1.36
  81.9   10.0  -0.73   1.79   1.40
  81.9   10.5  -0.74   1.76   1.43
  81.9   11.0  -0.76   1.72   1.49
  81.9   11.5  -0.77   1.69   1.53
  81.9   12.0  -0.79   1.65   1.58
  81.9   12.5  -0.80   1.61   1.63
  81.9   13.0  -0.81   1.57   1.68
  81.9   13.5  -0.83   1.53   1.73
  81.9   14.0  -0.84   1.49   1.78
  81.9   14.5  -0.85   1.45   1.83
  81.9   15.0  -0.86   1.40   1.89
  81.9   15.5  -0.87   1.36   1.94
  81.9   16.0  -0.88   1.32   1.99
  81.9   16.5  -0.89   1.28   2.04
  81.9   17.0  -0.90   1.24   2.09
  81.9   17.5  -0.91   1.20   2.13
  81.9   18.0  -0.91   1.16   2.18
  81.9   18.5  -0.92   1.12   2.23
  81.9   19.0  -0.92   1.09   2.26
  81.9   19.5  -0.93   1.05   2.31
  81.9   20.0  -0.93   1.02   2.34
  81.9   20.5  -0.93   0.98   2.39
  81.9   21.0  -0.93   0.95   2.42
  81.9   21.5  -0.93   0.92   2.45
  81.9   22.0  -0.93   0.89   2.49
  81.9   22.5  -0.93   0.86   2.52
  81.9   23.0  -0.92   0.83   2.55
  81.9   23.5  -0.92   0.80   2.58
  81.9   24.0  -0.91   0.77   2.61
  81.9   24.5  -0.90   0.75   2.62
  81.9   25.0  -0.89   0.72   2.65
  81.9   25.5  -0.88   0.70   2.67
  81.9   26.0  -0.87   0.68   2.69
  81.9   26.5  -0.86   0.65   2.71
  81.9   27.0  -0.85   0.63   2.73
  81.9   27.5  -0.84   0.61   2.75
  81.9   28.0  -0.82   0.59   2.76
  82.0    9.5  -0.69   1.91   1.24
  82.0   10.0  -0.70   1.88   1.28
  82.0   10.5  -0.71   1.85   1.32
  82.0   11.0  -0.72   1.81   1.37
  82.0   11.5  -0.74   1.78   1.41
  82.0   12.0  -0.75   1.75   1.45
  82.0   12.5  -0.76   1.71   1.50
  82.0   13.0  -0.77   1.67   1.55
  82.0   13.5  -0.79   1.64   1.59
  82.0   14.0  -0.80   1.60   1.64
  82.0   14.5  -0.81   1.56   1.69
  82.0   15.0  -0.82   1.52   1.74
  82.0   15.5  -0.83   1.48   1.79
  82.0   16.0  -0.84   1.45   1.82
  82.0   16.5  -0.84   1.41   1.87
  82.0   17.0  -0.85   1.37   1.92
  82.0   17.5  -0.86   1.33   1.97
  82.0   18.0  -0.86   1.30   2.00
  82.0   18.5  -0.87   1.26   2.05
  82.0   19.0  -0.87   1.23   2.08
  82.0   19.5  -0.88   1.19   2.13
  82.0   20.0  -0.88   1.16   2.16
  82.0   20.5  -0.88   1.13   2.20
  82.0   21.0  -0.88   1.09   2.24
  82.0   21.5  -0.88   1.06   2.27
  82.0   22.0  -0.88   1.03   2.31
  82.0   22.5  -0.87   1.00   2.33
  82.0   23.0  -0.87   0.98   2.36
  82.0   23.5  -0.86   0.95   2.38
  82.0   24.0  -0.86   0.92   2.42
  82.0   24.5  -0.85   0.90   2.43
  82.0   25.0  -0.84   0.87   2.46
  82.0   25.5  -0.84   0.85   2.48
  82.0   26.0  -0.83   0.83   2.50
  82.0   26.5  -0.82   0.80   2.53
  82.0   27.0  -0.81   0.78   2.55
  82.0   27.5  -0.79   0.76   2.56
  82.0   28.0  -0.78   0.74   2.58
  82.1    9.5  -0.66   1.99   1.14
  82.1   10.0  -0.67   1.96   1.18
  82.1   10.5  -0.68   1.94   1.21
  82.1   11.0  -0.69   1.91   1.24
  82.1   11.5  -0.70   1.88   1.28
  82.1   12.0  -0.72   1.85   1.32
  82.1   12.5  -0.73   1.81   1.37
  82.1   13.0  -0.74   1.78   1.41
  82.1   13.5  -0.75   1.75   1.45
  82.1   14.0  -0.76   1.71   1.50
  82.1   14.5  -0.77   1.68   1.54
  82.1   15.0  -0.78   1.64   1.59
  82.1   15.5  -0.78   1.61   1.62
  82.1   16.0  -0.79   1.57   1.67
  82.1   16.5  -0.80   1.54   1.71
  82.1   17.0  -0.81   1.50   1.75
  82.1   17.5  -0.81   1.47   1.79
  82.1   18.0  -0.82   1.43   1.84
  82.1   18.5  -0.82   1.40   1.87
  82.1   19.0  -0.82   1.37   1.90
  82.1   19.5  -0.83   1.33   1.95
  82.1   20.0  -0.83   1.30   1.98
  82.1   20.5  -0.83   1.27   2.02
  82.1   21.0  -0.83   1.24   2.05
  82.1   21.5  -0.83   1.21   2.08
  82.1   22.0  -0.83   1.18   2.12
  82.1   22.5  -0.82   1.15   2.15
  82.1   23.0  -0.82   1.12   2.18
  82.1   23.5  -0.82   1.10   2.20
  82.1   24.0  -0.81   1.07   2.23
  82.1   24.5  -0.81   1.05   2.25
  82.1   25.0  -0.80   1.02   2.28
  82.1   25.5  -0.79   1.00   2.29
  82.1   26.0  -0.78   0.98   2.31
  82.1   26.5  -0.77   0.95   2.34
  82.1   27.0  -0.76   0.93   2.36
  82.1   27.5  -0.75   0.91   2.37
  82.1   28.0  -0.74   0.89   2.39
  82.2    9.5  -0.63   2.07   1.04
  82.2   10.0  -0.64   2.05   1.07
  82.2   10.5  -0.65   2.02   1.10
  82.2   11.0  -0.66   2.00   1.13
  82.2   11.5  -0.67   1.97   1.17
  82.2   12.0  -0.68   1.94   1.21
  82.2   12.5  -0.69   1.92   1.23
  82.2   13.0  -0.70   1.89   1.27
  82.2   13.5  -0.71   1.86   1.31
  82.2   14.0  -0.72   1.82   1.36
  82.2   14.5  -0.73   1.79   1.40
  82.2   15.0  -0.74   1.76   1.43
  82.2   15.5  -0.74   1.73   1.47
  82.2   16.0  -0.75   1.70   1.50
  82.2   16.5  -0.76   1.66   1.55
  82.2   17.0  -0.76   1.63   1.59
  82.2   17.5  -0.77   1.60   1.62
  82.2   18.0  -0.77   1.57   1.66
  82.2   18.5  -0.78   1.54   1.70
  82.2   19.0  -0.78   1.50   1.74
  82.2   19.5  -0.78   1.47   1.77
  82.2   20.0  -0.78   1.44   1.81
  82.2   20.5  -0.78   1.41   1.84
  82.2   21.0  -0.78   1.38   1.87
  82.2   21.5  -0.78   1.36   1.89
  82.2   22.0  -0.78   1.33   1.93
  82.2   22.5  -0.78   1.30   1.96
  82.2   23.0  -0.78   1.27   1.99
  82.2   23.5  -0.77   1.25   2.01
  82.2   24.0  -0.77   1.22   2.04
  82.2   24.5  -0.76   1.20   2.06
  82.2   25.0  -0.76   1.17   2.09
  82.2   25.5  -0.75   1.15   2.11
  82.2   26.0  -0.74   1.13   2.13
  82.2   26.5  -0.73   1.10   2.15
  82.2   27.0  -0.73   1.08   2.18
  82.2   27.5  -0.72   1.06   2.19
  82.2   28.0  -0.71   1.03   2.22
  82.3    9.5  -0.61   2.15   0.94
  82.3   10.0  -0.62   2.13   0.97
  82.3   10.5  -0.63   2.11   0.99
  82.3   11.0  -0.64   2.09   1.02
  82.3   11.5  -0.64   2.07   1.04
  82.3   12.0  -0.65   2.04   1.08
  82.3   12.5  -0.66   2.02   1.11
  82.3   13.0  -0.67   1.99   1.15
  82.3   13.5  -0.68   1.97   1.17
  82.3   14.0  -0.69   1.94   1.21
  82.3   14.5  -0.69   1.91   1.24
  82.3   15.0  -0.70   1.88   1.28
  82.3   15.5  -0.71   1.85   1.32
  82.3   16.0  -0.71   1.82   1.35
  82.3   16.5  -0.72   1.79   1.39
  82.3   17.0  -0.72   1.76   1.42
  82.3   17.5  -0.73   1.73   1.46
  82.3   18.0  -0.73   1.70   1.49
  82.3   18.5  -0.74   1.67   1.53
  82.3   19.0  -0.74   1.64   1.57
  82.3   19.5  -0.74   1.61   1.60
  82.3   20.0  -0.74   1.59   1.62
  82.3   20.5  -0.74   1.56   1.65
  82.3   21.0  -0.74   1.53   1.69
  82.3   21.5  -0.74   1.50   1.72
  82.3   22.0  -0.74   1.47   1.75
  82.3   22.5  -0.74   1.45   1.77
  82.3   23.0  -0.74   1.42   1.81
  82.3   23.5  -0.73   1.40   1.82
  82.3   24.0  -0.73   1.37   1.86
  82.3   24.5  -0.72   1.35   1.87
  82.3   25.0  -0.72   1.32   1.91
  82.3   25.5  -0.71   1.30   1.92
  82.3   26.0  -0.70   1.27   1.95
  82.3   26.5  -0.70   1.25   1.98
  82.3   27.0  -0.69   1.23   1.99
  82.3   27.5  -0.68   1.21   2.01
  82.3   28.0  -0.67   1.18   2.04
  82.4    9.5  -0.58   2.23   0.84
  82.4   10.0  -0.59   2.22   0.85
  82.4   10.5  -0.60   2.20   0.88
  82.4   11.0  -0.61   2.18   0.91
  82.4   11.5  -0.62   2.16   0.93
  82.4   12.0  -0.63   2.14   0.96
  82.4   12.5  -0.63   2.12   0.98
  82.4   13.0  -0.64   2.10   1.01
  82.4   13.5  -0.65   2.08   1.04
  82.4   14.0  -0.66   2.05   1.08
  82.4   14.5  -0.66   2.03   1.10
  82.4   15.0  -0.67   2.00   1.13
  82.4   15.5  -0.67   1.97   1.17
  82.4   16.0  -0.68   1.95   1.20
  82.4   16.5  -0.68   1.92   1.23
  82.4   17.0  -0.69   1.89   1.27
  82.4   17.5  -0.69   1.86   1.30
  82.4   18.0  -0.70   1.84   1.33
  82.4   18.5  -0.70   1.81   1.36
  82.4   19.0  -0.70   1.78   1.39
  82.4   19.5  -0.70   1.75   1.42
  82.4   20.0  -0.70   1.73   1.45
  82.4   20.5  -0.71   1.70   1.48
  82.4   21.0  -0.70   1.67   1.51
  82.4   21.5  -0.70   1.65   1.54
  82.4   22.0  -0.70   1.62   1.57
  82.4   22.5  -0.70   1.60   1.59
  82.4   23.0  -0.70   1.57   1.62
  82.4   23.5  -0.69   1.55   1.64
  82.4   24.0  -0.69   1.52   1.67
  82.4   24.5  -0.69   1.50   1.69
  82.4   25.0  -0.68   1.47   1.72
  82.4   25.5  -0.68   1.45   1.75
  82.4   26.0  -0.67   1.42   1.77
  82.4   26.5  -0.66   1.40   1.79
  82.4   27.0  -0.66   1.38   1.81
  82.4   27.5  -0.65   1.35   1.84
  82.4   28.0  -0.64   1.33   1.86
